-47 51
-7338
1896
7225
-693
-4458
3812
6826
1018
-1373
-1399
4302
-4498
3681
-7368
7930
7112
7708
-6551
-4083
2368
3108
-1655
-655
-1970
2581
371
524
1956
6259
2779
-1895
-6641
6405
5097
-1498
-1811
-311
-2899
-4976
-729
-7012
3693
4398
1342
-874
3292
-4034
-1445
-6036
1911
-2331
-7642
691
-1289
-1651
4263
-4974
-1062
-4454
-7497
-6050
-3929
3620
-6522
7566
5479
1087
-1545
3865
3831
4110
-6693
7702
2017
-980
-6724
3575
-2725
-586
5812
-3049
-5496
-7360
-7943
1718
-7114
-812
-6103
5324
2781
4779
6703
5629
5658
-5862
7779
-1420
4477
5275
3222
-5913
-5621
-1980
-1177
3383
-1781
-5421
-6198
5450
7693
-1940
6743
5025
1513
1060
-1672
6509
-650
5205
4625
-2010
-795
1907
1475
-1778
7646
101
4918
1595
-908
-3329
-3668
388
-5688
3898
-3638
7539
-6021
-3575
-1890
4821
-1703
6596
7398
2271
3688
-5796
7690
3324
5415
-4044
-1915
3300
-7969
-4875
1096
-1213
7093
-3308
-2213
3273
-7742
729
-188
494
1156
6676
-5949
2717
-2171
-2286
-7707
2458
3820
-1393
-6540
5461
2316
-404
-2395
1507
-303
7490
-4270
-6045
7765
-3002
-7525
-2670
-2590
2662
-5735
3583
3790
4491
-1171
7679
-4319
6729
-6470
-998
3599
-7551
-4816
2643
1798
5760
4074
-7857
-4905
-7060
5527
-4878
-1987
869
-5844
4183
7990
-652
4034
1478
-7869
-1
-3619
7876
-641
5516
-1488
2393
-3856
-4764
294
4901
340
-1710
7531
5238
432
7556
3986
6230
1358
-5443
7544
-1415
-7255
-2942
-7521
4315
-615
3441
5280
-6590
2020
-529
7716
-3206
2297
-5228
5005
86
4481
427
5595
-797
6138
-7643
7861
-131
4355
-1253
-1625
-3398
7586
6440
6448
5180
478
4099
7200
4699
4660
-2032
-2909
6600
6575
-5824
-3141
2533
2043
-5791
-3897
-3716
-1306
5188
6525
-344
-465
83
-3796
6951
4105
-4437
7523
-5242
850
4621
3849
4687
2871
-2472
-7372
3013
6786
-1047
4744
-2585
-4116
4992
-501
1354
-3881
-214
7333
-3371
-4906
-2660
-6677
-6521
-1772
5637
5814
2720
-3756
7685
-3099
5421
-6636
-7749
7870
166
7746
241
5817
-1606
-604
-6925
-4592
130
5948
-3689
1806
4492
-5105
-2348
-2600
3716
-6669
302
3442
-6140
6470
-157
1015
-5529
1298
-4554
-871
-6028
-3776
-1824
282
7125
-4523
-1025
-6895
-6672
3027
1744
-2841
-5873
-3142
-218
6873
1296
2409
-3537
-4723
-612
1867
2543
-4832
-4988
-3540
6711
2989
-7126
1350
-1965
3767
5918
2172
6799
457
-7979
6965
-1711
-6770
-5509
-6327
3890
2
-6931
450
-796
2928
6074
-2126
4089
-3128
1895
731
-289
970
-6510
-3034
-6049
288
7980
1355
12
828
-7264
50
-2001
-5464
2820
-3421
-1314
-6846
-2514
-7548
764
3157
-456
433
6685
532
2477
-4479
1881
-4299
6952
1413
-4550
-667
-845
-6948
7362
-7761
-5707
5168
4945
1670
1149
-2680
-6341
2
155
6917
-2165
5223
-2426
-6879
6956
7668
-1008
-738
-5365
-7594
-7315
3752
1799
694
-734
5012
-5375
3410
4299
-6406
-3361
-6175
5917
7468
3297
1644
1594
3537
418
5031
-1242
-2827
2624
1172
-7393
-7487
-6939
-247
-2691
-2917
1829
-4255
7039
-1964
4303
-6573
5715
5170
7751
196
301
4487
-7565
2
1104
-6547
4472
-3186
7194
739
98
-6370
-6866
3444
7680
3302
-4749
-4734
6490
-4153
4871
-4417
-7612
1455
-569
-4272
-2587
3680
-5882
4204
5228
3496
5934
7550
1347
-1733
3138
2587
-217
-1808
6706
2272
-4473
1710
-4991
3796
-7169
-5738
-3135
-1038
5825
1888
3466
-3046
-1135
-3235
2792
5725
5
4069
-4057
-1884
6491
3135
1985
1260
6147
2321
-2609
2916
6085
3235
-7901
-99
-2630
-5265
-7495
-7935
6796
4972
3731
5900
-3446
-5499
-2422
-3953
4848
-2398
-4377
6590
5003
-6741
-3386
413
-4928
-5009
-6733
4758
-1893
2094
7479
-4045
2372
-1379
2376
-3261
5617
-1353
-5028
2319
1134
4374
1973
-3461
2809
-7455
-4609
-1176
-6591
1495
5959
-2983
1145
-2536
-4613
3698
6665
1125
6583
-1081
-6445
1904
-466
-3370
-3799
-6439
-2033
1037
-5878
-2971
-6613
-5438
3415
-4925
804
-5180
-5351
-772
-3315
-7326
7337
1043
3469
2933
-2937
2086
4754
-6043
3916
692
3402
7632
-4475
-1789
464
-7912
4194
5020
4877
1208
-476
6818
2955
-2928
7018
-7234
-7689
7645
3485
1175
6328
3406
-2265
4252
-7852
7956
-4189
4597
-2945
2
3029
-2798
-1913
321
4347
-2892
4085
3453
-4308
7790
2454
-7971
-902
-5414
-4826
-6248
771
-7161
6176
-1329
7591
4364
-1740
-1806
-1489
5568
-3751
-4192
-253
-7480
3546
1526
-2552
1401
2803
-7993
4156
-5201
-2247
7688
1701
-7347
-1152
-5560
-3228
-7904
3570
-5254
3597
4051
-7076
-6523
-4281
3349
3653
2379
-2060
2
5863
3511
-7410
-7151
-4645
-865
-7159
5347
6585
-5544
-7035
7935
7440
-7266
-7986
5159
-324
-5976
-4782
1399
6949
-3585
-4611
-4518
-4443
-1267
6595
-2861
3339
2519
-2508
-2873
1419
-1064
-5164
-2864
442
5509
2768
-4587
1726
-2687
4968
2262
5111
-1288
6112
1704
6320
-989
361
2617
4733
2453
-4868
-5284
5559
7781
4470
1084
5791
7460
6927
3097
-7726
-7659
1824
2575
-6421
6235
-4963
3609
-7492
719
-6193
-7107
6892
3043
-6379
-5199
-7794
2576
-5801
3318
-4351
-6262
-4595
-2897
-5939
-743
4899
7024
7267
-6938
-6807
-5977
2147
3584
5061
-1320
-2306
-4163
-1869
-2745
1243
-5553
-4989
-4250
-4196
-7790
834
4919
-7459
-2711
1609
1790
752
1280
1164
-6589
-2020
-627
-3444
3164
-7092
-7826
-3686
-4544
7648
6500
-6256
-391
7147
-6273
-3862
4178
5852
2144
-4907
-2526
-5945
78
-4715
-800
4370
1720
-5452
-6200
-1048
-677
1039
3938
-193
999
-1392
1814
-6726
3651
-1020
1020
-6686
-2584
1550
4823
671
7513
7525
-1207
4531
6748
7965
2189
5526
3594
48
-5516
-596
4869
2163
6424
-4292
-7692
-2304
-6149
3179
-7226
-7298
2173
1506
2689
-6414
-4099
-2835
-4278
-4379
47
5796
-4564
-6369
-1977
5116
4723
-5135
-7711
-7034
-4559
-12
5699
-1022
122
7721
2529
2679
3686
6214
2508
-541
4516
2329
6393
3062
7745
-4101
6084
-6266
-5088
2051
5008
-941
7411
-4690
-6539
