-78 76
-7338
1896
7225
-693
-4458
3812
6826
1018
-1373
-1399
4302
-4498
3681
-7368
7930
7112
7708
-6551
-4083
2368
3108
-1655
-655
-1970
2581
371
524
1956
6259
2779
-1895
-6641
6405
5097
-1498
-1811
-311
-2899
-4976
-729
-7012
3693
4398
1342
-874
3292
-4034
-1445
-6036
1911
-2331
-7642
691
-1289
-1651
4263
-4974
-1062
-4454
-7497
-6050
-3929
3620
-6522
7566
5479
1087
-1545
3865
3831
4110
-6693
7702
2017
-980
-6724
3575
-2725
-586
5812
-3049
-5496
-7360
-7943
1718
-7114
-812
-6103
5324
2781
4779
6703
5629
5658
-5862
7779
-1420
4477
5275
3222
-5913
-5621
-1980
-1177
3383
-1781
-5421
-6198
5450
7693
-1940
6743
5025
1513
1060
-1672
6509
-650
5205
4625
-2010
-795
1907
1475
-1778
7646
101
4918
1595
-908
-3329
-3668
388
-5688
3898
-3638
7539
-6021
-3575
-1890
4821
-1703
6596
7398
2271
3688
-5796
7690
3324
5415
-4044
-1915
3300
-7969
-4875
1096
-1213
7093
-3308
-2213
3273
-7742
729
-188
494
1156
6676
-5949
2717
-2171
-2286
-7707
2458
3820
-1393
-6540
5461
2316
-404
-2395
1507
-303
7490
-4270
-6045
7765
-3002
-7525
-2670
-2590
2662
-5735
3583
3790
4491
-1171
7679
-4319
6729
-6470
-998
3599
-7551
-4816
2643
1798
5760
4074
-7857
-4905
-7060
5527
-4878
-1987
869
-5844
4183
7990
-652
4034
1478
-7869
-1
-3619
7876
-641
5516
-1488
2393
-3856
-4764
294
4901
340
-1710
7531
5238
432
7556
3986
6230
1358
-5443
7544
-1415
-7255
-2942
-7521
4315
-615
3441
5280
-6590
2020
-529
7716
-3206
2297
-5228
5005
86
4481
427
5595
-797
6138
-7643
7861
-131
4355
-1253
-1625
-3398
7586
6440
6448
5180
478
4099
7200
4699
4660
-2032
-2909
6600
6575
-5824
-3141
2533
2043
-5791
-3897
-3716
-1306
5188
6525
-344
-465
83
-3796
6951
4105
-4437
7523
-5242
850
4621
3849
4687
2871
-2472
-7372
3013
6786
-1047
4744
-2585
-4116
4992
-501
1354
-3881
-214
7333
-3371
-4906
-2660
-6677
-6521
-1772
5637
5814
2720
-3756
7685
-3099
5421
-6636
-7749
7870
166
7746
241
5817
-1606
-604
-6925
-4592
130
5948
-3689
1806
4492
-5105
-2348
-2600
3716
-6669
302
3442
-6140
6470
-157
1015
-5529
1298
-4554
-871
-6028
-3776
-1824
282
7125
-4523
-1025
-6895
-6672
3027
1744
-2841
-5873
-3142
-218
6873
1296
2409
-3537
-4723
-612
1867
2543
-4832
-4988
-3540
6711
2989
-7126
1350
-1965
3767
5918
2172
6799
457
-7979
6965
-1711
-6770
-5509
-6327
3890
2
-6931
450
-796
2928
6074
-2126
4089
-3128
1895
731
-289
970
-6510
-3034
-6049
288
7980
1355
12
828
-7264
50
-2001
-5464
2820
-3421
-1314
-6846
-2514
-7548
764
3157
-456
433
6685
532
2477
-4479
1881
-4299
6952
1413
-4550
-667
-845
-6948
7362
-7761
-5707
5168
4945
1670
1149
-2680
-6341
2
155
6917
-2165
5223
-2426
-6879
6956
7668
-1008
-738
-5365
-7594
-7315
3752
1799
694
-734
5012
-5375
3410
4299
-6406
-3361
-6175
5917
7468
3297
1644
1594
3537
418
5031
-1242
-2827
2624
1172
-7393
-7487
-6939
-247
-2691
-2917
1829
-4255
7039
-1964
4303
-6573
5715
5170
7751
196
301
4487
-7565
2
1104
-6547
4472
-3186
7194
739
98
-6370
-6866
3444
7680
3302
-4749
-4734
6490
-4153
4871
-4417
-7612
1455
-569
-4272
-2587
3680
-5882
4204
5228
3496
5934
7550
1347
-1733
3138
2587
-217
-1808
6706
2272
-4473
1710
-4991
3796
-7169
-5738
-3135
-1038
5825
1888
3466
-3046
-1135
-3235
2792
5725
5
4069
-4057
-1884
6491
3135
1985
1260
6147
2321
-2609
2916
6085
3235
-7901
-99
-2630
-5265
-7495
-7935
6796
4972
3731
5900
-3446
-5499
-2422
-3953
4848
-2398
-4377
6590
5003
-6741
-3386
413
-4928
-5009
-6733
4758
-1893
2094
7479
-4045
2372
-1379
2376
-3261
5617
-1353
-5028
2319
1134
4374
1973
-3461
2809
-7455
-4609
-1176
-6591
1495
5959
-2983
1145
-2536
-4613
3698
6665
1125
6583
-1081
-6445
1904
-466
-3370
-3799
-6439
-2033
1037
-5878
-2971
-6613
-5438
3415
-4925
804
-5180
-5351
-772
-3315
-7326
7337
1043
3469
2933
-2937
2086
4754
-6043
3916
692
3402
7632
-4475
-1789
464
-7912
4194
5020
4877
1208
-476
6818
2955
-2928
7018
-7234
-7689
7645
3485
1175
6328
3406
-2265
4252
-7852
7956
-4189
4597
-2945
2
3029
-2798
-1913
321
4347
-2892
4085
3453
-4308
7790
2454
-7971
-902
-5414
-4826
-6248
771
-7161
6176
-1329
7591
4364
-1740
-1806
-1489
5568
-3751
-4192
-253
-7480
3546
1526
-2552
1401
2803
-7993
4156
-5201
-2247
7688
1701
-7347
-1152
-5560
-3228
-7904
3570
-5254
3597
4051
-7076
-6523
-4281
3349
3653
2379
-2060
2
5863
3511
-7410
-7151
-4645
-865
-7159
5347
6585
-5544
-7035
7935
7440
-7266
-7986
5159
-324
-5976
-4782
1399
6949
-3585
-4611
-4518
-4443
-1267
6595
-2861
3339
2519
-2508
-2873
1419
-1064
-5164
-2864
442
5509
2768
-4587
1726
-2687
4968
2262
5111
-1288
6112
1704
6320
-989
361
2617
4733
2453
-4868
-5284
5559
7781
4470
1084
5791
7460
6927
3097
-7726
-7659
1824
2575
-6421
6235
-4963
3609
-7492
719
-6193
-7107
6892
3043
-6379
-5199
-7794
2576
-5801
3318
-4351
-6262
-4595
-2897
-5939
-743
4899
7024
7267
-6938
-6807
-5977
2147
3584
5061
-1320
-2306
-4163
-1869
-2745
1243
-5553
-4989
-4250
-4196
-7790
834
4919
-7459
-2711
1609
1790
752
1280
1164
-6589
-2020
-627
-3444
3164
-7092
-7826
-3686
-4544
7648
6500
-6256
-391
7147
-6273
-3862
4178
5852
2144
-4907
-2526
-5945
78
-4715
-800
4370
1720
-5452
-6200
-1048
-677
1039
3938
-193
999
-1392
1814
-6726
3651
-1020
1020
-6686
-2584
1550
4823
671
7513
7525
-1207
4531
6748
7965
2189
5526
3594
48
-5516
-596
4869
2163
6424
-4292
-7692
-2304
-6149
3179
-7226
-7298
2173
1506
2689
-6414
-4099
-2835
-4278
-4379
47
5796
-4564
-6369
-1977
5116
4723
-5135
-7711
-7034
-4559
-12
5699
-1022
122
7721
2529
2679
3686
6214
2508
-541
4516
2329
6393
3062
7745
-4101
6084
-6266
-5088
2051
5008
-941
7411
-4690
-6539
-5076
-7938
2549
2880
-6832
-3343
-770
6125
-5705
996
-4383
4973
1967
1653
59
1335
-7333
-1316
-3523
1827
4656
-1510
3826
-1690
-1615
258
-5880
-1050
-7955
-3348
-5274
6887
-6841
7966
-6354
-5141
-2981
-5275
3101
4221
4224
-3318
-5724
-7054
763
5859
3076
3600
-5327
-5055
-7580
4447
3118
-7653
-1535
-4699
-815
5731
-597
-5392
-1528
4200
4702
2968
-8
3956
6359
-5619
-3615
-4981
997
-5676
6864
1760
3933
5258
-3401
-2677
-7555
-167
159
6768
1150
-3576
-1386
-273
-5396
-2007
-5109
-4652
5095
3141
-5399
639
-867
-2814
3332
7888
7504
-5867
7787
1497
-1216
-1211
588
-7001
3717
-79
-4033
-4300
1739
-707
2402
-701
1348
5206
-94
-2063
5659
-462
1986
5217
-6494
-3219
7900
5365
-6701
4924
5270
-7302
-3465
-3662
-1773
-1007
-964
812
4104
7497
-5052
2165
1619
5718
7637
-3663
5757
-4617
-1131
2426
5608
6409
-3187
-4280
1499
-6545
-6610
4338
-410
-1338
-1411
-1941
-2518
-6975
3046
2485
-7614
7089
2233
4591
7735
-5661
-339
2574
1767
1894
-1125
-2595
6828
-3082
604
-1946
1138
-5390
-7909
-2656
1849
-2342
-6796
-5355
-2483
2517
-6394
-642
-2794
2502
2446
-2589
1866
3893
7297
6378
1805
-7403
3308
-1752
6363
493
3174
273
-6772
-245
6142
-5280
-4238
1054
-7218
-56
-7432
-3995
-1446
6019
1679
-5269
2940
-4624
4667
1697
4230
-7488
7215
568
4907
-4704
-4209
-4863
2059
1466
-1161
4578
4684
451
-3911
-7682
-1805
-7542
-7122
-7946
6433
2084
-2698
6633
-5080
7199
-1010
1021
1581
-4388
7712
7249
4872
4573
-816
-2997
2635
402
-3887
6398
-1309
32
1635
-2702
7274
3844
-3050
-759
-1581
4693
-6412
4549
-4056
-1351
-5027
6544
-2356
2047
-7505
-4144
2670
6997
7543
-310
7075
-4872
-7921
-6469
-4158
2417
486
2224
-3729
-155
2247
7428
3514
-3115
-3457
-2555
6609
5402
4323
-5225
-2845
3784
5561
2872
914
-721
-424
3931
-90
-4131
6148
4375
2935
7295
-758
912
6353
-7701
2835
-7990
-6195
-137
3191
-5789
-5850
6576
2289
-869
657
-1
-425
5492
-3028
7228
-6065
-6876
-6598
6133
-1639
-329
-1029
6403
1220
6104
-4290
-611
-2416
3218
-3746
3619
-4709
-6397
-5853
-7867
839
3725
-4848
-3503
-5528
-6814
-6283
7461
3615
-4750
7374
-497
802
461
4483
-6542
-3639
932
1464
7104
6418
-5338
2
-3707
-1611
-6819
-1784
4208
4322
-7454
-5958
-3165
-7235
7260
-4009
-2774
-6969
7486
-4724
1546
-4895
-7142
3074
-2848
-2249
3009
-6265
-771
1186
-3274
-2501
6842
-397
-1
-2878
-3055
3749
-1554
5409
6539
-3858
2691
2984
-3873
-6509
-1005
2748
-2052
-3381
-7160
4415
-5442
5204
3347
2667
1774
-2318
-817
7650
7594
-6018
520
210
-442
-429
-119
7866
7624
4060
-2078
6661
2146
-3280
-4967
1367
436
4732
-1826
-1654
-7479
-7482
-1178
7256
-1287
5548
-1675
4207
5248
2614
4469
7776
3862
-3672
4352
-4647
-513
-7328
-5831
-4191
-7767
5669
-4854
-3454
-6981
-113
-6201
-3066
7220
-7319
-2693
-4106
-1145
1440
751
-1065
4768
2357
-7721
-2378
-5271
-7663
6890
1852
6360
3372
-2578
-4506
-6040
1765
-723
7737
-6348
4454
800
-984
-3969
-1716
-7768
5464
1687
4884
-1451
-18
-7147
-1823
-7476
-5033
-7965
-4513
5562
5670
-4673
-22
1629
3807
4953
-2991
6805
-4935
4814
7864
1649
5653
6478
-5814
665
-6337
1808
6766
6919
535
266
3632
7840
-5519
7063
6663
-7201
3051
-5535
-2434
-4125
-203
-2276
1315
-6302
-4137
-7673
-5623
-1955
4254
6581
4698
4146
1602
-6275
-1919
5391
4368
3588
-5545
-7639
-7143
5086
-1
-2817
-7157
6045
5062
4532
4969
-7100
5882
1286
6889
3166
6901
-4732
-5887
-1238
2579
6284
6535
7070
3998
2612
7400
2563
6151
-2714
-1
2
-133
7288
5977
-1983
3477
-4217
-951
-3980
4336
6964
-1413
2140
-1209
1690
6461
2394
-1
-1574
-2793
-2133
-4885
-1246
-4890
3613
-3631
-5768
3457
2269
6364
-4064
-296
-3474
-7417
1891
4529
-540
4274
2902
-1882
2071
4116
-2273
2675
-5157
1137
6993
5765
6765
7670
-5640
-5721
-1825
-7207
-2242
2860
-674
-6392
4950
-3846
-5774
-7186
5264
4818
3497
-4409
-3737
-7131
-1189
5978
-3403
-108
415
5444
1318
556
5316
-3356
-6255
7304
-175
-3987
177
-810
-4650
-7677
824
7955
-2154
-1814
-6363
-205
3127
1155
-1215
4966
-1801
-7618
5697
5105
1426
4142
5901
2798
1132
-1188
-5591
5353
-2952
7448
-5675
5723
-4944
-7343
-4457
-5570
-5868
6943
-963
-6763
-6375
3368
-3609
-531
7456
-47
3730
1812
7180
-1536
-2113
-4669
-6711
-1577
4995
1606
-2137
3113
2457
-4874
-3976
77
-1409
-1670
-7199
3803
-570
-5692
-6964
-7361
1239
-2684
3205
1421
4604
768
-4638
1631
2719
-6530
1656
6458
-6926
5914
-5463
3024
2602
-2739
-3086
783
-2345
-3569
5403
5383
6839
7834
-118
3930
1772
1450
-5231
-515
425
-2143
-1468
-4412
1989
-5568
6463
-6411
-1479
-2028
2616
6904
7697
-6165
1094
-6276
1922
4602
-2625
2353
-6766
5798
5443
-138
-2565
234
-4301
6127
-4675
-5592
-7634
3121
-5708
-7613
5376
2538
3041
-4072
2528
6598
4548
1026
7213
-1907
2080
-2325
-7708
-6381
-42
-5752
4658
-4628
208
3726
-3637
-1269
120
4786
3858
5949
-7830
-3409
4773
-7736
5493
5921
3159
-4509
-1294
-7900
-7911
6024
1144
7529
1962
-2034
7240
125
-1701
3473
-7041
7404
1032
-2053
730
-2064
5955
-7086
1727
144
5790
-1559
1677
-152
-7797
-1669
4712
-2910
-3479
6057
-5896
323
1510
-5070
-7598
1301
-629
2190
4250
7733
4489
510
-3342
-68
96
2739
-3458
4112
-5118
-4434
-4739
7869
3165
1303
-1115
6921
6169
-5426
7322
-6204
-6350
7011
2225
2234
-1
3438
-2180
5996
4714
1201
5674
3571
6635
-7121
4552
-2496
1534
-7371
4716
7850
-2560
-6963
-1337
-3267
5311
-406
-925
1762
-1053
-4074
6408
-6453
-3396
-7241
-7678
7339
2125
-1427
-2775
-6515
5173
-4883
-98
-4682
-5967
-5357
5830
7902
-136
-2868
-944
4967
5762
2130
-2431
-879
508
-4154
4361
7898
-1714
7860
937
-6420
4380
-5083
-1055
6016
1730
-1832
5488
3861
2356
