-80 47
-7338
1896
7225
-693
-4458
3812
6826
1018
-1373
-1399
4302
-4498
3681
-7368
7930
7112
7708
-6551
-4083
2368
3108
-1655
-655
-1970
2581
371
524
1956
6259
2779
-1895
-6641
6405
5097
-1498
-1811
-311
-2899
-4976
-729
-7012
3693
4398
1342
-874
3292
-4034
-1445
-6036
1911
-2331
-7642
691
-1289
-1651
4263
-4974
-1062
-4454
-7497
-6050
-3929
3620
-6522
7566
5479
1087
-1545
3865
3831
4110
-6693
7702
2017
-980
-6724
3575
-2725
-586
5812
-3049
-5496
-7360
-7943
1718
-7114
-812
-6103
5324
2781
4779
6703
5629
5658
-5862
7779
-1420
4477
5275
3222
-5913
-5621
-1980
-1177
3383
-1781
-5421
-6198
5450
7693
-1940
6743
5025
1513
1060
-1672
6509
-650
5205
4625
-2010
-795
1907
1475
-1778
7646
101
4918
1595
-908
-3329
-3668
388
-5688
3898
-3638
7539
-6021
-3575
-1890
4821
-1703
6596
7398
2271
3688
-5796
7690
3324
5415
-4044
-1915
3300
-7969
-4875
1096
-1213
7093
-3308
-2213
3273
-7742
729
-188
494
1156
6676
-5949
2717
-2171
-2286
-7707
2458
3820
-1393
-6540
5461
2316
-404
-2395
1507
-303
7490
-4270
-6045
7765
-3002
-7525
-2670
-2590
2662
-5735
3583
3790
4491
-1171
7679
-4319
6729
-6470
-998
3599
-7551
-4816
2643
1798
5760
4074
-7857
-4905
-7060
5527
-4878
-1987
869
-5844
4183
7990
-652
4034
1478
-7869
-1
-3619
7876
-641
5516
-1488
2393
-3856
-4764
294
4901
340
-1710
7531
5238
432
7556
3986
6230
1358
-5443
7544
-1415
-7255
-2942
-7521
4315
-615
3441
5280
-6590
2020
-529
7716
-3206
2297
-5228
5005
86
4481
427
5595
-797
6138
-7643
7861
-131
4355
-1253
-1625
-3398
7586
6440
6448
5180
478
4099
7200
4699
4660
-2032
-2909
6600
6575
-5824
-3141
2533
2043
-5791
-3897
-3716
-1306
5188
6525
-344
-465
83
-3796
6951
4105
-4437
7523
-5242
850
4621
3849
4687
2871
-2472
-7372
3013
6786
-1047
4744
-2585
-4116
4992
-501
1354
-3881
-214
7333
-3371
-4906
-2660
-6677
-6521
-1772
5637
5814
2720
-3756
7685
-3099
5421
-6636
-7749
7870
166
7746
241
5817
-1606
-604
-6925
-4592
130
5948
-3689
1806
4492
-5105
-2348
-2600
3716
-6669
302
3442
-6140
6470
-157
1015
-5529
1298
-4554
-871
-6028
-3776
-1824
282
7125
-4523
-1025
-6895
-6672
3027
1744
-2841
-5873
-3142
-218
6873
1296
2409
-3537
-4723
-612
1867
2543
-4832
-4988
-3540
6711
2989
-7126
1350
-1965
3767
5918
2172
6799
457
-7979
6965
-1711
-6770
-5509
-6327
3890
2
-6931
450
-796
2928
6074
-2126
4089
-3128
1895
731
-289
970
-6510
-3034
-6049
288
7980
1355
12
828
-7264
50
-2001
-5464
2820
-3421
-1314
-6846
-2514
-7548
764
3157
-456
433
6685
532
2477
-4479
1881
-4299
6952
1413
-4550
-667
-845
-6948
7362
-7761
-5707
5168
4945
1670
1149
-2680
-6341
2
155
6917
-2165
5223
-2426
-6879
6956
7668
-1008
-738
-5365
-7594
-7315
3752
1799
694
-734
5012
-5375
3410
4299
-6406
-3361
-6175
5917
7468
3297
1644
1594
3537
418
5031
-1242
-2827
2624
1172
-7393
-7487
-6939
-247
-2691
-2917
1829
-4255
7039
-1964
4303
-6573
5715
5170
7751
196
301
4487
-7565
2
1104
-6547
4472
-3186
7194
739
98
-6370
-6866
3444
7680
3302
-4749
-4734
6490
-4153
4871
-4417
-7612
1455
-569
-4272
-2587
3680
-5882
4204
5228
3496
5934
7550
1347
-1733
3138
2587
-217
-1808
6706
2272
-4473
1710
-4991
3796
-7169
-5738
-3135
-1038
5825
1888
3466
-3046
-1135
-3235
2792
5725
5
4069
-4057
-1884
6491
3135
1985
1260
6147
2321
-2609
2916
6085
3235
-7901
-99
-2630
-5265
-7495
-7935
6796
4972
3731
5900
-3446
-5499
-2422
-3953
4848
-2398
-4377
6590
5003
-6741
-3386
413
-4928
-5009
-6733
4758
-1893
2094
7479
-4045
2372
-1379
2376
-3261
5617
-1353
-5028
2319
1134
4374
1973
-3461
2809
-7455
-4609
-1176
-6591
1495
5959
-2983
1145
-2536
-4613
3698
6665
1125
6583
-1081
-6445
1904
-466
-3370
-3799
-6439
-2033
1037
-5878
-2971
-6613
-5438
3415
-4925
804
-5180
-5351
-772
-3315
-7326
7337
1043
3469
2933
-2937
2086
4754
-6043
3916
692
3402
7632
-4475
-1789
464
-7912
4194
5020
4877
1208
-476
6818
2955
-2928
7018
-7234
-7689
7645
3485
1175
6328
3406
-2265
4252
-7852
7956
-4189
4597
-2945
2
3029
-2798
-1913
321
4347
-2892
4085
3453
-4308
7790
2454
-7971
-902
-5414
-4826
-6248
771
-7161
6176
-1329
7591
4364
-1740
-1806
-1489
5568
-3751
-4192
-253
-7480
3546
1526
-2552
1401
2803
-7993
4156
-5201
-2247
7688
1701
-7347
-1152
-5560
-3228
-7904
3570
-5254
3597
4051
-7076
-6523
-4281
3349
3653
2379
-2060
2
5863
3511
-7410
-7151
-4645
-865
-7159
5347
6585
-5544
-7035
7935
7440
-7266
-7986
5159
-324
-5976
-4782
1399
6949
-3585
-4611
-4518
-4443
-1267
6595
-2861
3339
2519
-2508
-2873
1419
-1064
-5164
-2864
442
5509
2768
-4587
1726
-2687
4968
2262
5111
-1288
6112
1704
6320
-989
361
2617
4733
2453
-4868
-5284
5559
7781
4470
1084
5791
7460
6927
3097
-7726
-7659
1824
2575
-6421
6235
-4963
3609
-7492
719
-6193
-7107
6892
3043
-6379
-5199
-7794
2576
-5801
3318
-4351
-6262
-4595
-2897
-5939
-743
4899
7024
7267
-6938
-6807
-5977
2147
3584
5061
-1320
-2306
-4163
-1869
-2745
1243
-5553
-4989
-4250
-4196
-7790
834
4919
-7459
-2711
1609
1790
752
1280
1164
-6589
-2020
-627
-3444
3164
-7092
-7826
-3686
-4544
7648
6500
-6256
-391
7147
-6273
-3862
4178
5852
2144
-4907
-2526
-5945
78
-4715
-800
4370
1720
-5452
-6200
-1048
-677
1039
3938
-193
999
-1392
1814
-6726
3651
-1020
1020
-6686
-2584
1550
4823
671
7513
7525
-1207
4531
6748
7965
2189
5526
3594
48
-5516
-596
4869
2163
6424
-4292
-7692
-2304
-6149
3179
-7226
-7298
2173
1506
2689
-6414
-4099
-2835
-4278
-4379
47
5796
-4564
-6369
-1977
5116
4723
-5135
-7711
-7034
-4559
-12
5699
-1022
122
7721
2529
2679
3686
6214
2508
-541
4516
2329
6393
3062
7745
-4101
6084
-6266
-5088
2051
5008
-941
7411
-4690
-6539
-5076
-7938
2549
2880
-6832
-3343
-770
6125
-5705
996
-4383
4973
1967
1653
59
1335
-7333
-1316
-3523
1827
4656
-1510
3826
-1690
-1615
258
-5880
-1050
-7955
-3348
-5274
6887
-6841
7966
-6354
-5141
-2981
-5275
3101
4221
4224
-3318
-5724
-7054
763
5859
3076
3600
-5327
-5055
-7580
4447
3118
-7653
-1535
-4699
-815
5731
-597
-5392
-1528
4200
4702
2968
-8
3956
6359
-5619
-3615
-4981
997
-5676
6864
1760
3933
5258
-3401
-2677
-7555
-167
159
6768
1150
-3576
-1386
-273
-5396
-2007
-5109
-4652
5095
3141
-5399
639
-867
-2814
3332
7888
7504
-5867
7787
1497
-1216
-1211
588
-7001
3717
-79
-4033
-4300
1739
-707
2402
-701
1348
5206
-94
-2063
5659
-462
1986
5217
-6494
-3219
7900
5365
-6701
4924
5270
-7302
-3465
-3662
-1773
-1007
-964
812
4104
7497
-5052
2165
1619
5718
7637
-3663
5757
-4617
-1131
2426
5608
6409
-3187
-4280
1499
-6545
-6610
4338
-410
-1338
-1411
-1941
-2518
-6975
3046
2485
-7614
7089
2233
4591
7735
-5661
-339
2574
1767
1894
-1125
-2595
6828
-3082
604
-1946
1138
-5390
-7909
-2656
1849
-2342
-6796
-5355
-2483
2517
-6394
-642
-2794
2502
2446
-2589
1866
3893
7297
6378
1805
-7403
3308
-1752
6363
493
3174
273
-6772
-245
6142
-5280
-4238
1054
-7218
-56
-7432
-3995
-1446
6019
1679
-5269
2940
-4624
4667
1697
4230
-7488
7215
568
4907
-4704
-4209
-4863
2059
1466
-1161
4578
4684
451
-3911
-7682
-1805
-7542
-7122
-7946
6433
2084
-2698
6633
-5080
7199
-1010
1021
1581
-4388
7712
7249
4872
4573
-816
-2997
2635
402
-3887
6398
-1309
32
1635
-2702
7274
3844
-3050
-759
-1581
4693
-6412
4549
-4056
-1351
-5027
6544
-2356
2047
-7505
-4144
2670
6997
7543
-310
7075
-4872
-7921
-6469
-4158
2417
486
2224
-3729
-155
2247
7428
3514
-3115
-3457
-2555
6609
5402
4323
-5225
-2845
3784
5561
2872
914
-721
-424
3931
-90
-4131
6148
4375
2935
7295
-758
912
6353
-7701
2835
-7990
-6195
-137
3191
-5789
-5850
6576
2289
-869
657
-1
-425
5492
-3028
7228
-6065
-6876
-6598
6133
-1639
-329
-1029
6403
1220
6104
-4290
-611
-2416
3218
-3746
3619
-4709
-6397
-5853
-7867
839
3725
-4848
-3503
-5528
-6814
-6283
7461
3615
-4750
7374
-497
802
461
4483
-6542
-3639
932
1464
7104
6418
-5338
2
-3707
-1611
-6819
-1784
4208
4322
-7454
-5958
-3165
-7235
7260
-4009
-2774
-6969
7486
-4724
1546
-4895
-7142
3074
-2848
-2249
3009
-6265
-771
1186
-3274
-2501
6842
-397
-1
-2878
-3055
3749
-1554
5409
6539
-3858
2691
2984
-3873
-6509
-1005
2748
-2052
-3381
-7160
4415
-5442
5204
3347
2667
1774
-2318
-817
7650
7594
-6018
520
210
-442
-429
-119
7866
7624
4060
-2078
6661
2146
-3280
-4967
1367
436
4732
-1826
-1654
-7479
-7482
-1178
7256
-1287
5548
-1675
4207
5248
2614
4469
7776
3862
-3672
4352
-4647
-513
-7328
-5831
-4191
-7767
5669
-4854
-3454
-6981
-113
-6201
-3066
7220
-7319
-2693
-4106
-1145
1440
751
-1065
4768
2357
-7721
-2378
-5271
-7663
6890
1852
6360
3372
-2578
-4506
-6040
1765
-723
7737
-6348
4454
800
-984
-3969
-1716
-7768
5464
1687
4884
-1451
-18
-7147
-1823
-7476
-5033
-7965
-4513
5562
5670
-4673
-22
1629
3807
4953
-2991
6805
-4935
4814
7864
1649
5653
6478
-5814
665
-6337
1808
6766
6919
535
266
3632
7840
-5519
7063
6663
-7201
3051
-5535
-2434
-4125
-203
-2276
1315
-6302
-4137
-7673
-5623
-1955
4254
6581
4698
4146
1602
-6275
-1919
5391
4368
3588
-5545
-7639
-7143
5086
-1
-2817
-7157
6045
5062
4532
4969
-7100
5882
1286
6889
3166
6901
-4732
-5887
-1238
2579
6284
6535
7070
3998
2612
7400
2563
6151
-2714
-1
2
-133
7288
5977
-1983
3477
-4217
-951
-3980
4336
6964
-1413
2140
-1209
1690
6461
2394
-1
-1574
-2793
-2133
-4885
-1246
-4890
3613
-3631
-5768
3457
2269
6364
-4064
-296
-3474
-7417
1891
4529
-540
4274
2902
-1882
2071
4116
-2273
2675
-5157
1137
6993
5765
6765
7670
-5640
-5721
-1825
-7207
-2242
2860
-674
-6392
4950
-3846
-5774
-7186
5264
4818
3497
-4409
-3737
-7131
-1189
5978
-3403
-108
415
5444
1318
556
5316
-3356
-6255
7304
-175
-3987
177
-810
-4650
-7677
824
7955
-2154
-1814
-6363
-205
3127
1155
-1215
4966
-1801
-7618
5697
5105
1426
4142
5901
2798
1132
-1188
-5591
5353
-2952
7448
-5675
5723
-4944
-7343
-4457
-5570
-5868
6943
-963
-6763
-6375
3368
-3609
-531
7456
-47
3730
1812
7180
-1536
-2113
-4669
-6711
-1577
4995
1606
-2137
3113
2457
-4874
-3976
77
-1409
-1670
-7199
3803
-570
-5692
-6964
-7361
1239
-2684
3205
1421
4604
768
-4638
1631
2719
-6530
1656
6458
-6926
5914
-5463
3024
2602
-2739
-3086
783
-2345
-3569
5403
5383
6839
7834
-118
3930
1772
1450
-5231
-515
425
-2143
-1468
-4412
1989
-5568
6463
-6411
-1479
-2028
2616
6904
7697
-6165
1094
-6276
1922
4602
-2625
2353
-6766
5798
5443
-138
-2565
234
-4301
6127
-4675
-5592
-7634
3121
-5708
-7613
5376
2538
3041
-4072
2528
6598
4548
1026
7213
-1907
2080
-2325
-7708
-6381
-42
-5752
4658
-4628
208
3726
-3637
-1269
120
4786
3858
5949
-7830
-3409
4773
-7736
5493
5921
3159
-4509
-1294
-7900
-7911
6024
1144
7529
1962
-2034
7240
125
-1701
3473
-7041
7404
1032
-2053
730
-2064
5955
-7086
1727
144
5790
-1559
1677
-152
-7797
-1669
4712
-2910
-3479
6057
-5896
323
1510
-5070
-7598
1301
-629
2190
4250
7733
4489
510
-3342
-68
96
2739
-3458
4112
-5118
-4434
-4739
7869
3165
1303
-1115
6921
6169
-5426
7322
-6204
-6350
7011
2225
2234
-1
3438
-2180
5996
4714
1201
5674
3571
6635
-7121
4552
-2496
1534
-7371
4716
7850
-2560
-6963
-1337
-3267
5311
-406
-925
1762
-1053
-4074
6408
-6453
-3396
-7241
-7678
7339
2125
-1427
-2775
-6515
5173
-4883
-98
-4682
-5967
-5357
5830
7902
-136
-2868
-944
4967
5762
2130
-2431
-879
508
-4154
4361
7898
-1714
7860
937
-6420
4380
-5083
-1055
6016
1730
-1832
5488
3861
2356
-3053
-2913
-4968
3770
-5368
-5628
7361
-7526
-5411
-6991
-5328
4129
6679
-990
-4522
5295
-5232
-2802
5565
1836
1536
1309
1097
5589
-7672
1676
4239
-7835
7193
976
-5614
-7085
-5030
4377
-5093
-192
-4943
-2382
5399
4844
-1785
-7518
-4405
921
-4042
-2277
-1854
-1009
5932
-739
6582
3692
1063
7883
4959
5057
-7541
-1014
7775
1651
-195
-564
-5684
-3133
4436
4816
5858
-6037
-5378
7830
4309
-294
5749
1882
-3436
-4894
-1299
6715
-4124
3000
6973
2291
-4052
1408
1703
3437
857
4037
7308
539
-3179
-1035
5645
6756
7977
-6282
-3067
142
-1541
-5800
779
-7833
-5843
7210
2572
3601
-1927
2312
-5750
-3220
-4364
5454
7848
-5389
-3798
3948
2745
-2268
-365
-298
3657
4304
-7501
-5358
2479
631
-1737
-6518
3298
6269
-2102
4240
-1761
7360
-552
2657
-1753
7548
-2729
865
39
-328
6629
1438
-7441
2923
-1204
635
-6016
-4407
5857
2620
7276
-3379
7587
-4583
-2411
359
6671
-7140
3598
673
-1546
-2404
-2396
-5268
5957
2220
4035
2599
-7937
-4337
-7966
3504
-7812
-2019
6554
-3988
6270
-4745
7232
1160
-1113
-1438
3322
3100
344
-5942
4745
-4155
-5826
-299
1422
2195
4592
-4254
-7236
-7859
-5720
-1508
-1460
2708
3335
3960
-4915
5405
5763
6725
-5655
6140
-7463
-4444
1345
-3664
-6332
-3447
7574
-4615
6381
2097
-7257
-3251
479
552
278
-6377
5641
7121
5982
285
-1780
-5040
-5219
-2920
5457
-549
4490
-1961
-1810
2776
7330
3526
2678
5631
2623
-3097
7816
-3549
3365
-618
3945
5220
-4404
630
-3710
1439
6425
-227
5528
-5350
-1717
4708
3225
-6667
1970
423
7148
-6945
5903
6219
3380
-4174
328
5200
-1531
2492
-6703
-5743
6531
-6762
7186
3751
2983
-1768
2385
1759
5395
-5715
-6097
-6019
6798
3587
4040
5974
-3790
737
3224
1078
-6450
2959
-4302
7032
-4320
5366
4704
3450
417
5315
-7428
207
5664
1435
5554
-6241
-4426
748
-7088
-6949
2521
-835
5330
58
-5054
5924
3389
-1532
-5709
-4918
-5947
6974
-484
964
5250
2039
-7577
4977
717
7744
541
-5239
-5798
5474
-809
1061
5032
6736
-5018
7050
5874
-1494
-6799
3715
2415
-3830
-3291
-5624
6103
-981
-2888
-13
2910
6571
-6459
6782
1295
4880
4431
6257
7924
-7576
3837
3610
-143
679
-7188
-6587
-4303
4971
5051
-5904
-4859
-3174
-249
3668
-1256
-4886
-480
3069
-3896
6688
-3153
-5001
-2074
3414
7242
-1900
-5616
7629
4132
-595
-7474
-3042
-3595
-3555
-6553
7013
4607
-4942
6025
2658
-6416
2639
874
7042
-4567
-7379
-4687
-2225
6800
2505
1
-6797
1541
-7944
-4258
4671
5002
7631
6307
1761
7887
-6960
-3714
-2674
1246
-1054
1525
4094
5054
4145
-7717
-1594
7326
-2217
-3021
5331
3606
-6227
-7210
-7615
4641
1122
5294
445
-6144
2495
-5649
-6035
5348
6444
-6320
1433
6744
-736
-5366
-3106
6268
-3160
-5031
-3577
4730
4013
-1501
663
-190
6300
6051
3530
2
629
-6460
-373
688
5357
2743
-6383
238
-724
-3024
6430
7518
-1144
-2212
5215
4894
5174
4767
7094
-7584
-5283
5360
-6569
-5185
4093
3054
-2690
-4049
-182
3238
641
-970
-7134
-5769
-7025
3737
2
-4604
-4658
-407
-2626
1338
972
-6474
-7087
-3010
-6075
-4256
5920
-159
2611
1139
1236
-1155
7092
4130
-7238
3664
-7956
-2370
-6696
6192
-2473
-7941
-7557
3183
7335
4864
7311
26
-5069
-3006
642
4964
-3375
-5183
-6422
-2947
-2510
-7260
6705
-2826
-7631
4411
-2805
-1568
-5914
-5370
-2326
-1076
-6433
-1549
-1450
-2135
-5944
-7648
3250
6833
-1089
-6308
6290
6507
-6567
4050
-5309
-5672
186
-7705
4904
-1087
2965
6158
5063
95
985
-2978
3920
6337
5099
-7067
5856
2750
-2192
-6208
-2884
-2215
3562
3364
2122
-3333
-1678
-3823
-343
7972
-4396
723
6838
-6765
4043
6620
5290
-5729
4795
-7057
-960
4258
-3903
-2734
-4519
2463
-2055
3864
4143
860
4584
7810
5769
-5467
-1795
6567
-6443
-5424
-5552
7792
-2544
-7470
-7936
-3526
4249
-4578
-1126
3566
7552
-968
3343
-3758
-534
-7414
263
-3628
-4983
7080
5764
4691
-3536
7103
-2148
-7820
-965
4082
-3610
1855
5165
-2858
4199
-2494
3436
-57
1593
-4726
-1500
-1173
7939
7723
-2101
-5077
-2615
-5106
6413
-1339
-6298
7037
-7581
951
3764
5068
5084
4829
-3936
-4787
-2365
-6069
7027
-1
-7624
7230
-5146
4184
7862
2725
7567
-5125
-1729
-844
-3768
-3075
-4970
7675
7169
-4047
-2998
-4979
-6746
7663
4202
1528
-1951
-4117
2956
1482
437
1892
-2530
4999
2550
-3670
3589
-4594
3299
-3287
-2259
-50
-7559
-7015
-4871
-7908
-4066
6434
6861
-5116
1343
-581
-6823
7166
6825
-5879
7289
-7292
7959
-7144
-572
6209
-3909
-614
-1475
2746
-351
947
-449
-7744
5872
1752
6752
5336
-4579
-2665
-1834
6187
-565
-5277
-1597
-7280
5652
4914
-5998
-3331
3845
-4468
3072
5520
-126
7463
3544
-2833
5534
-7650
-5129
-1836
3973
-3145
4519
5573
672
-661
7310
7509
3685
-4251
7321
-3614
-4413
2471
-585
6077
1227
6368
-4893
-2323
-6974
-664
-3547
-2417
4125
5766
-6338
-4632
-4145
542
5843
4673
2
-4995
-5039
3987
-4422
6420
-6191
519
1844
-6784
-911
7709
3122
-863
7157
-2819
-4536
-6244
-7271
-1197
-2633
6687
6563
-740
-4952
1167
-7165
3990
4091
-3199
-5298
-803
1708
-6737
-4484
-375
-6609
-2939
7291
1768
-1875
-5642
-2556
3049
2878
-1364
5740
-2974
1178
7878
-3455
7155
-728
-2815
219
5435
-784
2188
-7544
-7194
-6267
-7102
7382
-3711
1545
-4630
91
3035
-282
4256
-4055
6286
1231
3985
-4821
5753
1618
-6216
-3307
4493
-7690
2869
-6504
-7047
7638
5580
2066
973
6100
-3232
559
-6544
2974
-5508
-120
-7579
-2504
1549
2442
7052
-3548
7467
-4771
-7515
3189
-5401
-3622
5305
-4881
2838
-5794
260
-4649
1045
-4660
7278
5322
-4169
1351
-1124
4772
-777
-3346
2418
6326
7681
-2183
6776
-3849
4502
-6868
289
490
-4202
-1770
4721
162
6591
179
6271
-7367
5771
3310
1248
-3414
-7808
-4892
-78
5577
-4663
3723
325
-7881
1802
623
-1341
-6345
6339
4646
2913
-5002
-6564
-3102
-6111
6651
7946
-6222
-1661
-3556
-3814
-1524
-7914
2400
483
-6190
2982
1643
-2009
2322
-2369
-2891
826
1846
3420
2
3194
-5449
-4681
4038
2227
390
6404
1993
6310
4586
2757
-5086
-7545
-2938
-6851
-2173
-1
-4684
-1849
2381
-3925
-4861
3028
-6458
4717
5069
-198
2687
2738
-6756
225
-60
-6325
6188
4097
-3968
-6367
6696
-858
6324
-6980
1946
3548
-928
-4956
1509
3079
4357
-3551
-7945
10
-1208
-1327
-2912
7720
-1682
-2764
-7332
4935
4203
-7991
5333
-2787
-1918
-4491
303
4885
-4023
-3090
-81
-5474
-7752
6506
-5765
-7784
2390
7907
-4812
-2328
3340
-4342
-1311
-5447
5066
-3363
-6698
6384
-2258
-321
-2896
2857
-3959
-6151
-7003
-702
6246
7825
-2314
7537
-5795
495
-5980
-7424
766
5141
7649
6442
204
-7864
2747
-1990
3312
653
-4549
3889
6115
5701
4682
-7250
-6007
-6326
-1691
-6516
-3878
3704
4267
-5598
1001
-5085
3766
790
109
-3022
-6605
-2532
3068
8
1566
-7213
-7119
3221
-6429
3816
5242
925
-2673
-5313
-6970
1514
2901
-7868
4810
-6548
-3524
3070
-7952
-1827
3811
499
-2187
6348
-6214
-1630
-4603
-5248
-7123
4822
2763
-5564
7259
-3323
-3425
-1491
-6995
2754
1006
-481
-3753
4058
2041
7019
-7133
-3912
6529
-4712
-4161
7545
-169
-5531
-4096
-1490
-4203
844
5484
-3463
4692
3773
6533
5448
6035
-659
7800
-4778
5625
3471
-5142
736
-2136
4695
-3433
7996
7451
3924
-7850
3564
-5445
3208
-2612
3033
1269
-3491
7427
2036
-7883
1743
-4570
-4738
-5198
-5359
2014
6969
7666
2594
-4668
3422
-3316
7855
-2772
2790
-3282
2100
4776
2126
2583
-4735
7477
-266
5681
-6356
-6398
3171
-6670
7300
-3534
-3997
1235
4555
-3300
1430
3896
-3057
2985
6400
-875
7989
916
5138
-3302
1398
-6953
2348
-4478
-6092
6098
4452
6738
3463
2850
-7296
-4053
2019
-5450
-2214
-1833
-906
-2901
-6472
2
2468
5686
5692
5429
6089
-6497
-5636
-3693
1473
1237
-1
2157
-6657
7403
2506
-7841
-1622
459
-4629
1929
-2129
-3096
3628
1575
6830
5893
5123
4886
5325
-7902
1340
2098
-3931
-5073
-2107
659
-4809
-846
-2208
5193
-6105
-4326
1533
-4219
7841
-1194
7856
647
544
-930
-2081
-6736
-6632
7505
-2279
6283
-2459
3483
-2207
-3070
2187
-588
1394
-6464
5695
-2299
-6488
2634
714
-4860
5017
3679
7836
-2962
6044
-5685
4757
-6088
-5703
4743
-2014
416
-3565
2264
5439
3867
4014
3272
6909
-558
4601
4248
-2003
5225
-4366
-2300
-744
1893
823
-3126
4177
2593
749
3568
6574
-3000
-3914
-5258
-4343
-1969
-1436
-590
1854
-7998
5300
-3895
5329
3913
-1151
-4071
-5955
-4429
2607
3888
1688
-592
-6270
4826
-6803
-2781
4623
-6790
-1566
4412
7168
-3971
3393
-5296
4960
-2070
4952
-2405
6875
-5440
2981
2937
7853
-7166
-5182
2846
201
-1596
1663
-3475
3045
-4416
7620
651
7899
-101
3048
-1771
6514
7173
861
-6328
4842
6731
-3811
2410
7613
-3157
4316
5207
7393
-6359
-1674
-5108
-1901
-4937
-2535
7368
1182
-7606
1931
-6934
-3774
3952
-6185
-5395
-3567
7072
497
7886
-453
-1478
7002
5147
-5427
-5349
-3189
-1
5362
5026
-6752
741
1671
491
502
2004
2481
6416
5522
339
1876
-1181
1736
2793
40
-15
-3656
-3713
-1132
-3327
7838
-6074
4479
5717
3198
-4932
4986
1630
2911
5332
-4126
2536
-1284
594
4985
5232
-3402
7001
-2308
175
5233
-4410
1179
1332
473
5268
-1892
4002
6781
4680
-678
-601
3345
-3698
-6616
2991
-1406
1729
-4902
-2116
7528
-4794
6338
2980
-698
-459
5967
4808
6846
-4210
-7351
-1648
2925
2784
1099
3336
5000
6308
2721
2509
-2352
99
-7641
-2934
-4046
-3222
-3369
-1952
1392
4235
-1533
2260
2909
-4432
-427
-6240
4749
-3940
5182
-1368
-3505
6891
-5150
-7603
6380
-3557
4799
-1906
6604
6501
-3077
827
6274
6520
2076
-6646
1193
-1656
5115
6341
-443
638
-648
4565
-1828
1410
336
-6903
-1243
-2130
-4240
-6319
-7294
-1448
-6505
3707
3344
-3930
-6473
-6809
-2572
2868
5231
5199
-3164
7258
-1664
518
-6918
-4127
4577
145
-2469
5873
7644
2631
-5940
6261
-890
-2197
-4888
6166
1047
1959
-7698
-1822
5212
1830
140
579
-4900
2209
-6561
-1432
-2047
7964
6986
5552
7457
110
-5702
5729
6086
6978
-3498
5480
-545
-6062
3081
3187
-2516
4128
4774
6236
4809
-3017
-3334
-4521
498
-5072
305
2531
7673
-1347
5510
-5562
3508
243
-6535
5284
-2923
2128
15
-2119
-6094
2363
7255
-4830
6545
6179
4705
-2770
7910
944
-5406
7514
-3237
782
-3272
320
-7984
3306
-5601
-2387
4062
-6361
3239
-7009
781
1537
-823
-587
4011
-1405
-1898
-5938
1610
-1673
-7616
6095
-4070
1990
7085
7820
-1449
4095
-7989
-450
-2898
5307
4414
-3582
-7117
4191
5218
5759
-4084
-7233
6836
-5494
-4589
5704
-4948
3361
51
-1553
6709
247
1571
250
-1
3876
-3886
5960
6164
7967
-637
-1864
563
-3644
-5413
-745
-5335
3307
397
-6015
-6982
3735
2287
-6922
-2263
6808
-1441
7366
-5785
52
-1443
-7139
-3803
-3919
6018
414
6305
6275
5910
1310
3003
7767
1583
-7851
3451
-4208
-3109
934
7717
-5919
-2531
-1603
-2175
2095
2979
3098
-3494
-100
-96
5850
5496
3810
-323
4948
-2134
7029
6675
5465
7379
3777
-6012
-543
-6264
-3935
-3633
6165
-6834
1971
2797
6081
-1016
1560
4081
2060
7694
3106
-5542
6037
6740
4067
-7906
6812
5320
-7331
-7520
5610
-1769
-3218
1427
-3917
7129
-6197
4241
5162
6597
616
3798
4803
5737
-774
1932
-4785
-4461
-3400
-3867
-80
-1732
-977
-4236
-6448
7596
-2453
6728
6258
975
-1266
-1520
2310
-4507
3374
-571
5240
-4706
3964
1885
-1222
-2703
1807
5177
-3347
-6871
7974
4243
6902
1058
7612
-121
4486
6990
1314
-1902
2895
-1486
-5213
7414
7729
-5941
-3149
2214
-7903
-751
611
-4002
1756
3058
2848
-7439
830
-3559
4282
-2661
7436
-7775
-4571
917
5890
-4791
-2127
-656
-5728
1516
3918
6942
5596
7667
-3406
-7421
-4000
3817
7704
-3598
1978
5770
-4359
-2790
3039
-7582
-5091
3375
-2954
-3635
6516
7137
2175
-6891
1317
2540
7009
4012
3937
1191
-69
7454
-3493
-1261
203
-6171
-3415
4858
-2408
-4585
2183
3744
-830
1591
5120
-6680
5021
-3546
6222
-1492
3459
-3916
1085
-5495
6247
364
6226
683
-7827
7928
-1763
173
7426
-711
555
6726
3434
-7318
-781
-1319
-3366
-5017
-5518
-6517
-5493
3296
7804
-752
-4321
-5855
-2150
-2284
-5162
5341
-2385
3287
-3163
2486
6010
370
-3747
585
33
-335
-5173
1662
-2737
-3451
-6393
-4032
5052
1189
85
-5441
5712
7995
-6664
7250
-4551
-773
-4062
-2678
778
5564
-882
-3252
-168
7231
-5418
-3519
-7926
-7056
-7355
1735
2663
5988
3645
4201
-1
5041
-2412
-5238
-2765
7682
312
-261
383
6851
7540
1072
-884
4937
-638
-2654
-97
522
-2559
-7750
-6825
2571
-4187
-4243
-4602
-4912
-4486
4305
2948
-4534
-1322
-5075
5953
-713
2437
-4267
784
5109
2
1847
4590
-451
-2699
332
5318
-1179
-1321
-5155
-2117
4100
-7962
-6442
-4386
-3506
-5631
-7383
3838
-434
-7583
4423
7687
5886
1195
7415
-6647
-5638
4494
2865
536
3714
7113
4676
-2853
5038
-5434
-232
5156
6132
4306
-2098
-1074
-4266
6272
-4810
-3928
-3411
-4494
-7976
-5336
6749
-779
2250
-6046
-2941
3729
-3171
-3807
3665
-3260
897
7740
-7823
4954
3212
2179
-1240
1337
-376
-361
-6883
-2146
4820
5087
6264
-3405
3495
1803
1771
-6596
1909
-238
6924
-3122
1721
1565
-7753
-2708
7345
-3081
2953
6484
-6574
-7854
1912
-3765
-3383
-3579
4792
3800
1206
-4899
1088
7109
-2635
4027
-3754
4931
7351
-4577
4141
5082
-2170
-4678
6203
-2271
-5611
5570
5979
6186
-5846
2425
-6051
-4526
4637
-2333
5961
5263
3190
6827
7603
-4703
-3394
5449
1831
-1164
-669
6043
-3600
5411
-4933
-6888
871
4197
3507
-2457
-1758
-1578
5782
5477
-3490
-5006
4783
-4037
3822
-7419
-2647
-4659
-3992
-4805
63
2292
-6435
-1
2375
-2887
7927
2
1428
-4917
-5279
-6920
5499
1224
876
-6757
6795
7957
-7882
2545
-4239
-6034
-258
-1817
-3238
4805
-6232
6652
-7245
-4193
-5770
5774
4268
-3495
326
5678
-722
5811
-17
-3975
-5334
-1232
2924
-4129
1119
-2570
337
-372
-3466
4369
-6777
-6859
-2132
-3805
2950
5202
-4623
6716
-6259
-2751
-5686
-5361
5446
2366
-7735
684
-2393
-2256
6243
2160
1841
6008
3407
-6480
-2185
-853
1780
2
777
-631
3084
-5731
5555
1711
5445
190
7091
511
-2421
-7422
-4462
-1229
7541
-1748
-3563
-7244
-1056
-3818
-7617
2018
1748
1022
6601
1826
2228
-6321
2029
2892
-894
-4774
-6555
1600
2814
-4911
6982
-2919
1388
607
-720
-5847
3247
-7745
-7766
-644
4385
4598
-2018
-6602
7793
4957
5222
7710
505
-2870
-4345
228
2944
4854
-1367
1611
7750
-2403
3059
5401
-6917
1994
-5803
-4456
-1689
6299
-1263
-5460
3462
2405
3590
-5502
-1040
-4996
-1979
7216
1218
7299
-1572
-4
1158
3605
149
4775
-5833
1942
-683
-3062
6167
205
-1122
-4105
1052
-5374
-208
-7539
-4556
-6413
-7094
2371
4520
5933
7703
-4908
3065
7558
-147
4963
-135
-196
-6083
740
-1
5668
-2519
147
-1154
5285
452
-3681
-3634
-948
-2644
4922
693
5875
6423
7207
-4291
5297
-5475
-7913
2466
-85
2433
-1004
-1897
7353
5690
-4091
-3596
-2108
480
-6644
1689
4350
6220
-3014
2903
-5347
3802
3839
-3902
-5550
-2478
-4546
-916
-3913
3455
3439
3850
5733
-6558
-4211
-2628
-2927
-7776
-5317
-7728
-5830
-3661
-1555
-3872
-992
-2668
4941
-6386
-6484
7073
7466
7562
6537
-2505
-6650
-116
-7446
6707
-3802
-219
-7652
7378
-2151
-1169
1470
-2283
6401
-3324
-6173
2460
-4572
3180
6845
6678
1312
1588
-1677
-7611
-1085
3635
5010
5244
735
2882
-1385
1055
-105
-3224
5470
-7268
-1400
-7141
-6347
6457
6654
1878
-1679
1650
5304
3350
-246
6280
2315
-5144
644
236
-651
3492
4151
2168
5965
6031
242
994
-7055
2496
408
-854
868
-1
2008
3689
314
-348
2671
7884
-4005
4688
3234
7051
465
5795
7306
6806
-4310
1031
1547
4567
-3194
1517
-1305
503
54
2050
-6788
-5422
5706
2489
-161
572
5481
-3531
3435
1492
6436
-7502
-1412
7184
460
-5972
1919
5828
1437
6854
-6839
-7550
-35
-6162
7918
-1060
6759
7655
923
-2196
290
-3544
7936
6054
-2610
-3286
-2591
7301
6255
-2280
-1418
7628
2963
-7575
7889
955
-4934
-6263
2818
6026
650
6855
1579
5837
-5074
-2485
-194
1535
-3792
1675
-2992
-7933
5422
5194
189
-7651
4509
-3124
4042
-1619
-4593
-6692
-3172
2627
-2039
-3184
6893
-5099
-3464
-2312
-6513
3616
-6769
5139
701
-4369
-4591
-5754
-5397
-317
103
-6626
-4780
2016
3408
-5804
4484
-3132
5807
-364
1914
3776
-5527
6592
5569
7453
-2269
-4477
-6346
4726
6815
3223
-6260
-6038
1065
6856
3470
-6073
892
-3480
2421
-4262
-1323
3758
7707
-3459
978
4236
4791
-5380
-7024
1228
6244
4206
2102
617
7106
4655
-1388
-2347
-1635
-7437
-2752
1992
637
6375
7086
2954
-3059
7384
1377
7978
-2926
4928
3755
3201
7053
-4836
-2718
1709
4613
-1860
-1431
-1731
4994
-5691
6779
2701
727
-2211
6003
3162
287
-3278
4120
6379
4041
-3434
1784
6252
5819
372
4583
5784
1114
129
-7065
7462
-6107
891
4292
-5057
-2709
1700
7773
-2250
6976
-4455
-6351
4545
1921
-3613
-6219
2259
-4849
2625
7713
-2351
2767
7183
-3321
6342
-7489
-3148
-6730
-4168
-2502
-3568
4855
-5200
-6894
376
5266
7741
-4949
-4327
5638
-4449
4458
4314
-1989
-929
4075
3786
2898
4883
-3941
-5912
4083
-2653
5945
-371
5455
7491
3919
1379
1775
-3955
-5902
2715
3211
426
-4741
-505
2383
852
-3813
-6592
3155
-7395
-2105
-3084
3153
-7200
3866
-6805
-5665
-6318
-3138
2692
-7173
-2744
-1692
4770
3666
4394
-5792
6058
2696
1950
-7939
-5256
2498
1926
-2445
-7095
-7538
3663
2859
-6990
-3837
-3859
7408
6486
-4839
-5376
92
4406
6073
-2706
2149
-349
-6979
5073
4124
-3416
-1227
1265
4585
5019
-3898
-6722
-6699
1884
-3358
-6740
-5490
267
2105
-2601
-6212
-3951
-3999
-4309
-2688
-3671
-4077
759
709
153
-254
-1383
-1121
-3927
-2575
5436
640
1559
7420
4114
-6840
-4146
1820
-5107
6624
1660
1607
-1390
-7423
-4696
525
5342
-6093
1273
-2602
4054
6155
2049
6385
4782
-2428
-4459
-3445
-1430
2461
931
-4984
2139
2428
-5097
-2719
-2613
3178
-5554
-4228
7435
4568
-5760
-5884
5064
-3500
-5014
-6687
277
-3554
-3428
7130
7046
7447
4588
-7406
-3083
373
6718
-580
2194
4049
2770
198
-7314
1960
-946
-934
-5208
-6118
7818
930
-7308
3639
5650
-6884
7931
469
-551
-7168
1115
-5081
2265
-302
7672
-4880
7341
1471
281
5912
3080
-7209
-5740
341
1654
420
7380
-141
5154
2108
5382
-7062
2638
-6315
-5454
5541
-561
2709
4617
3705
-3061
3280
-6611
-3033
-7879
5420
3677
4836
3661
-7051
5747
-6986
-255
3271
3859
2201
-6238
4686
609
6936
1871
7484
-3831
6469
-4795
-742
-4063
1276
4445
-5837
2351
5176
7397
-6582
-5646
-7782
-5364
-1375
5651
797
-2391
-2490
2804
853
4526
-731
-689
3279
3486
-6792
3636
6396
-2599
7030
-7145
4297
-2082
5636
2282
3390
-5491
-610
-3441
-3211
-1391
-7724
7048
-3385
3481
-1896
-5903
-4402
603
-211
-7600
-7785
-6489
-3705
6866
1143
6198
-3037
2101
-4807
3602
4659
-6710
-954
7365
-281
-4870
-3003
-65
6101
-6717
5122
6498
2116
-3870
1270
4729
-5717
-1019
5359
-4825
-6651
-1751
-3981
-3440
-5034
-4804
-6249
710
7549
6653
474
1353
7963
-7171
4046
1906
6087
6543
-3948
-2118
5441
5230
4131
2949
3993
-4139
-7644
7119
-7293
2424
-5950
-7261
-4483
-2121
7911
-1214
-1920
-591
-3529
-4767
1719
-645
-3788
5440
1334
3757
1040
271
4488
-568
7452
1943
7272
5993
2255
-3044
-3863
6615
-1442
4024
7418
2360
5094
-2869
-2008
2548
2815
133
-1
3577
-4450
3529
5023
-2429
6059
411
-186
-5218
7725
4166
2824
3835
1527
2585
-7840
-34
-3486
-7149
-7592
7268
1432
4335
88
-4108
2077
-3368
1923
1738
-2801
-832
7777
3713
-654
-319
4514
3516
-104
-4841
-7540
-2563
407
-2883
4349
1645
-3636
1221
5186
6253
4930
-4708
7542
5896
-5984
161
-5024
3002
-1017
2833
1822
180
-1156
-2918
5853
5680
4220
1937
1451
6566
3001
-6892
-3410
-3882
-5261
-2022
4594
334
716
-7523
840
89
-6661
7555
969
4527
5167
1897
-1
-7656
-5840
46
-5137
5980
6091
6955
-511
3236
3295
6549
-850
-5935
-7633
2905
-5659
5414
1968
4068
6150
-4293
-6603
553
-4667
4276
-6864
601
6361
570
-4391
-2484
3282
-1858
7229
7953
6573
-149
4134
6452
5460
2143
3732
-666
-2360
1862
-2336
-1721
901
3490
7336
-6410
-7097
-5205
-2177
-5520
1459
3617
-3360
304
-2890
244
-2230
7885
-5189
-2015
5018
-3310
4048
-4362
-7801
-2443
-26
7458
2847
814
-7996
-416
4906
-6929
7858
-547
-6477
2370
4638
-3188
-537
4643
-5928
1694
5688
3830
-1118
-4141
-7503
5377
7003
-6378
3734
6502
-7605
489
-6904
-5360
1075
-3819
6995
-4054
-7177
-2627
-7741
3007
2
1205
-6322
1263
2695
1325
2774
-613
5107
-3844
2331
-2262
-2995
558
-3340
1268
6123
-3460
-6336
-1653
7161
-2823
5969
-1283
-5959
550
7424
6110
2001
-6728
3047
2339
7943
6034
-6968
2013
-5300
-7950
-5664
6932
-3845
-5898
-4822
5691
1214
-415
5925
-975
6224
-7818
2894
1638
-6339
2252
1821
-3426
396
-2131
-6495
7446
-5479
1544
-5741
-5451
2702
4272
5588
7948
3337
-3508
-4926
1458
-1068
-5838
-1018
-3699
6197
7824
4331
2580
5710
4925
-5158
889
6944
1832
7432
-3069
-336
6046
-3399
4970
3066
-692
2040
4298
5469
780
-2354
5368
387
-6854
6565
6682
6884
3281
6102
-1935
-3076
5751
4895
-886
-3521
7833
7369
-4710
6467
2997
-2109
-6033
-1485
-961
-7050
-521
6317
2562
4740
-5507
6495
6699
7873
3252
-6725
-3443
-5202
6512
106
455
-6959
-2509
-6958
5976
-735
5783
2893
-3884
-4698
-6121
-7182
2237
4572
-3739
-2372
-2966
-1633
-2460
215
-3275
4766
-5992
6872
-4227
-4997
4546
-377
4819
-3039
-1705
213
-478
-263
-3424
-725
-4783
-28
1902
-3825
893
-5307
-76
3301
-3972
7170
172
6963
-4356
-4180
5683
5387
-7874
-3696
-4089
-5504
-2586
-3268
-7354
6213
262
7920
-4076
-4078
4392
-5486
3314
-4421
6262
-4397
6723
5260
545
7243
2127
3673
-3105
2560
-7970
1504
2212
-4744
4608
485
-7968
-2324
1505
3596
-3313
7845
-3448
-5000
968
566
4905
-3146
4741
6070
-5110
3910
919
6750
-7240
-6629
5124
-1782
-6946
-1862
5319
-1645
-5012
-4639
2439
-536
5804
-4006
1661
259
-7498
633
3042
843
1046
-5762
3152
5451
-1059
-1863
2112
1029
-524
-2487
7060
-2990
2
-2161
-1783
3264
-242
3671
-6835
7391
6713
3226
5334
-5571
2324
-1658
-1846
-1202
551
-7566
2
-1956
-7885
5254
1291
2728
-526
-7929
-5172
-5985
1442
4389
2716
-6210
2827
1766
3854
1903
2222
6200
3421
5682
4213
-3773
732
-2384
7081
-1797
7674
3181
4595
-6734
831
3327
1411
-2373
-6428
3263
7757
7832
-4986
-7104
-4957
7623
2021
4175
-5021
-1800
-791
2231
-1091
-7433
699
6988
4088
-5010
-6174
1330
5121
7238
2500
4055
-1680
-1146
2676
3359
-1676
-5476
2258
-4030
5841
-1936
-5667
-436
-2321
-2619
-3408
-5973
-6434
7819
-1948
1089
-7601
-4014
357
1034
5862
2606
4811
-5176
7434
-2512
4195
-5713
809
3768
-3140
-866
-287
-4877
123
-5534
-2988
4269
-4688
-2579
1776
5045
-5653
-20
6662
6496
-598
-2045
-2252
-7222
-4431
7143
6788
-4403
-7180
6910
5622
2451
-3338
-5632
-7994
1858
-6290
-1257
-1217
-7638
5101
-7983
2151
-1262
-3907
386
-2086
3614
3053
-1992
-7472
-4635
6980
942
4553
-5513
915
-6972
-2984
3391
4434
-5147
-6099
6586
6062
4459
4312
-3932
4212
-4962
-5332
5396
1465
7578
6783
-2077
-1073
1928
-6044
-6312
-7184
-6031
4187
-5856
-4717
-7046
-6476
4755
-4929
7419
-1201
-950
-504
4719
-3708
2373
1476
2760
1999
-1708
405
4806
2162
-2461
419
-4204
274
-5461
-5503
-4480
-868
1417
-1557
-6148
-1088
-5383
4696
2131
-2850
-5558
-6342
-3094
-6387
-7799
-2435
-6502
-3390
-5063
-5066
6009
2762
134
-1315
-5595
1316
2044
509
6344
1698
1266
2176
7659
-972
-7646
-3207
-5051
-4325
-1039
5235
-342
-7918
3044
7152
1380
7656
7986
-5020
-2905
-4259
-5217
3654
-5753
-1538
-1407
3384
-3476
7778
-1120
-5931
1171
3379
7647
-368
-2994
2870
-3755
7583
-7320
1400
4260
237
354
3172
2180
3403
-252
1952
4291
1129
2213
-3584
6877
-4289
3464
1126
720
-1380
-1435
4841
-626
-5174
-6865
4778
-4001
5821
-3294
-3036
-5936
3124
-5617
3900
-4806
-6971
-714
-7339
1436
1835
-5348
5935
-2958
3756
-6572
-6820
-6715
4482
-2809
6975
-5807
6774
2825
5114
4882
-1604
-754
-3345
-6243
13
5130
-3249
1272
-917
990
-7905
-5990
-5986
-4398
-7101
4550
-3453
2266
2778
-6955
-448
5143
-1681
7803
-3621
4720
-1868
5298
-5004
-5140
-2080
4746
-5455
-5320
-3283
-3089
4764
1733
-1623
5247
7319
1734
3624
3394
5047
5593
3879
-2525
4665
1009
-5907
-4961
6689
2342
1076
-2234
7507
-574
-4529
7782
-5929
-3377
-435
-1815
-267
989
-1192
-5152
-124
-7398
943
2473
983
1461
343
-7706
-7509
3255
-7691
-160
-1013
-7181
3266
-148
-6349
-6372
2789
-1518
4169
-647
-5677
269
1253
5310
-2157
-7737
-4252
4857
1485
4575
6558
5048
-4746
-1356
5615
-553
-7447
7286
-522
-979
5755
5888
6960
2812
327
-3276
-262
-2999
-4274
6313
-7563
-2760
2655
-3281
5029
3814
-5402
-3027
-7493
-7718
2524
-577
-2637
7635
-150
-6182
-4142
980
-1650
7059
-5893
-953
-931
-5062
4154
-4246
6584
-5851
3309
3634
6254
-4115
-2607
5117
-3893
-2840
7269
5134
-3208
17
-3528
7560
6824
-1107
7471
-315
-706
16
-2071
2205
-7382
3443
-7221
5539
-2767
5512
3320
6194
3257
4978
2
-7999
695
-473
6593
-3156
6607
4426
-4311
6078
-3581
-5133
-5032
246
2006
4135
-6234
-2957
193
-3732
-7020
697
4927
-2430
613
-350
-413
-4425
4947
6445
1165
-3339
-2051
3573
-6541
-7276
7364
2777
-6781
-4689
-487
-1830
7921
4399
7416
-2310
7657
1313
-1883
-4930
-1774
2062
1151
-3314
3319
-3715
3484
1424
-1791
-4374
-5466
-2715
5144
6157
-7824
-6631
-2989
-6996
4620
-3850
-7524
3419
2567
-852
-4244
-2050
-91
2072
4326
3424
5227
-2261
444
-4111
2660
3040
-2569
7122
2407
3683
-1511
-6601
-4197
-6376
3119
5535
6649
7677
7254
887
815
5563
-6206
-7888
-3168
-5131
3779
-1296
6371
-2747
-2521
4943
7204
-643
392
-1600
-6071
-5214
-2762
-1419
2712
2573
-5423
4053
148
-5569
5158
6925
-6901
-7687
6599
-6683
5916
4513
4164
-3290
-1434
-1592
7738
6397
6451
-876
-4414
-6172
-44
6524
-4216
-7602
7502
-3196
-5778
4678
5507
808
1212
-1098
232
71
-48
5861
5768
-1738
-6089
-1724
-1974
2204
-2178
-1255
5501
2290
7450
6989
-3967
-4508
2109
128
6377
-1182
-4539
-6652
-4082
-495
-4104
4828
7185
-3176
-6023
7634
-314
-4233
4769
-4092
-6896
1491
6481
-3666
5794
-6446
-503
3983
-6145
675
3670
-1694
-1464
-5895
-1747
-2423
5104
-2479
102
-1749
5922
3400
5566
7533
6885
1857
2474
-6087
1012
1070
-4852
4341
1965
-2278
-2036
6399
-1483
-454
3565
-7155
4616
-7449
4296
-4043
-4642
5274
-7426
7373
4388
-6881
4495
-1
-4304
-5812
3522
7387
-7224
1091
4324
-5829
690
1996
1915
-904
-4680
-4685
-7679
-3879
-2720
-4185
873
-4175
1159
-7478
-7357
3395
2142
5735
-7128
-7490
7843
-7021
-7290
5997
2532
3329
-4040
-5982
317
-5257
-3
-2849
-7897
2996
5179
2
-4754
5355
-1579
-3185
4196
-5695
5818
7488
-3629
6228
-21
846
7719
4407
-7654
255
-4759
6680
670
-1865
-1
-1506
5476
-6254
574
-7585
6161
-5517
-7898
6367
-7274
-235
-994
3025
1074
1969
2150
7913
435
-6027
5323
-1659
-352
-2786
-4058
4006
-957
-422
3210
-7887
4333
-5536
-1757
-2741
7331
6048
7478
-6967
2584
6933
-3161
-2692
-3687
5705
-3485
2632
7651
-2049
-5160
-1290
5241
-7877
-6774
-330
-4079
-7627
7145
-983
-1366
-7668
-3994
-2091
2510
-1539
832
2009
2769
-1754
-1943
-2675
-14
-3750
6325
667
-5407
3056
-2322
-5295
349
-7345
7282
4457
31
1935
-1957
231
1524
2503
6287
-70
4706
-7866
-405
3708
-3712
-5706
-1
4455
-6130
-7401
1958
-1265
-6424
-942
-6645
-1723
1568
1953
5523
-216
-5314
6767
-3507
476
-7483
2184
1825
1416
6492
3479
-3093
7392
-6685
-6673
7726
7066
-1303
5380
-5858
2010
-4406
-3125
-1614
-5927
1146
-2201
5129
-985
6670
7005
-910
1728
7487
-1357
-6331
2961
-1066
-2155
-4797
560
5693
3927
-384
984
4439
4397
2707
-470
-5377
7012
6720
3376
-1167
4444
3277
-5469
5989
-25
2216
6734
4311
6686
-7299
3465
4229
-6100
-2159
5696
-4820
-1474
3083
7811
5243
-2950
4955
-6296
3963
-4315
-976
1361
-2021
794
-4751
-163
-5153
3560
-2568
-7891
351
-7037
-5897
-2759
-6744
3545
3488
2354
3270
2487
5022
7962
1702
7994
-2012
-3833
6414
527
6667
-3659
-6291
-1699
-5404
1081
-7845
-387
-5071
890
2931
3206
-6606
2647
1493
5361
1383
-6066
-164
-1853
-1352
3697
1603
-6177
-1819
1712
-7162
1664
-1282
-4777
4026
-6852
7084
3503
4781
-958
-4600
1446
5665
5515
5983
-4438
-2087
-4348
-277
-19
7669
-6568
-1165
-7066
-2498
-5889
4909
1883
977
2830
4932
1130
4689
922
4632
7671
-7096
-1685
-7435
2650
1090
-4287
4920
-2202
-5848
-2520
2
3775
2751
-3646
-1397
4835
2800
3578
3176
-3945
4512
-893
5846
-5737
-5566
-6681
-6344
-4109
-6584
-6742
-3607
5234
7318
1359
1007
-988
4997
2423
-1949
3659
-1455
7372
-4643
-7381
-5184
-4021
-520
-5456
5430
-6493
-7008
-1160
7983
3769
7139
1016
-6824
-7702
2841
4787
-483
-1235
1010
2303
-4691
4390
-6176
-4633
-6786
4541
7857
-382
-6194
4551
7190
-215
-3209
-1318
-67
2278
5939
6858
2124
-6836
-3889
-5697
1005
6868
-5654
3762
715
-7000
-4637
2087
1745
-2374
-5613
7284
3724
-7195
-61
5847
2785
-4808
885
722
3915
-4953
-6719
-2933
-1175
5190
6111
-851
-5437
-7152
-2985
6256
2152
4891
-3016
-7229
-1556
-2672
-6112
-419
-2982
-732
-390
2320
-5453
-6808
5639
-122
28
608
448
-7033
-2713
-4524
-5485
-1301
-140
577
3131
3184
-3279
-2221
-6124
1035
2566
-1798
6853
1512
-6512
-3435
