 6366
 -2447
 3387
 -1705
 5825
 -623
 2403
 1252
 771
 -7522
 5786
 -7511
 525
 4692
 6629
 2680
 6088
 -4298
 -2745
 -4938
 -4844
 2611
 5410
 679
 -6388
 7919
 -1457
 1138
 -1774
 -371
 3873
 5707
 4398
 4993
 -2978
 -7560
 -1434
 -3961
 -4339
 7493
 2840
 1206
 -4077
 937
 -6800
 3401
 -5597
 -7165
 3222
 3760
 3772
 -4267
 3596
 -6566
 5976
 -3495
 68
 7741
 7141
 5960
 5792
 2600
 -3991
 391
 6628
 3589
 -3460
 6745
 -735
 6527
 -1912
 -7545
 -1051
 -7509
 5428
 5839
 466
 -2423
 -805
 -821
 1532
 -7452
 -2936
 4097
 -6728
 1417
 -6767
 714
 -4330
 -5385
 6800
 6894
 -2764
 4335
 -5277
 -7190
 -7357
 7495
 2663
 598
 -4321
 2753
 4713
 -376
 -7299
 5862
 -6547
 -3877
 3897
 3317
 4013
 -7696
 -3474
 3987
 -6649
 -3597
 -1324
 -4221
 2977
 913
 5933
 4198
 4322
 6313
 6253
 7190
 -7046
 -257
 -2287
 -3888
 -6346
 5134
 6900
 6021
 -6014
 417
 -3845
 -7260
 -5324
 -1857
 1598
 7709
 -7072
 6842
 5632
 -3733
 400
 2488
 102
 -7489
 -2502
 4045
 -4235
 3819
 -3750
 6557
 -7704
 -2572
 4348
 -1642
 -4719
 -6915
 2222
 7762
 -3681
 2245
 -5337
 -7070
 3757
 -5186
 1112
 -4765
 3715
 7131
 -606
 3683
 -6714
 1536
 4294
 -7682
 2007
 6395
 -225
 -3181
 -1158
 6228
 -1603
 2142
 1621
 7319
 5463
 1981
 -4474
 -6578
 -3619
 1724
 -2392
 5713
 -7374
 -1517
 670
 -4031
 -1888
 -5318
 -76
 7693
 278
 4414
 -2683
 -6781
 6277
 -6352
 -822
 6857
 -6806
 3761
 -1049
 7537
 3
 3892
 -2721
 -2762
 6189
 -7159
 1302
 -172
 -3777
 157
 1320
 834
 -7420
 1635
 4930
 -2849
 -6482
 374
 7336
 1362
 3742
 7166
 4527
 -1477
 -5409
 -7806
 1372
 -7446
 -6871
 610
 2522
 -6001
 -3760
 -4693
 -2858
 6921
 3983
 6202
 -2076
 -5717
 5945
 6428
 6535
 -2095
 -1246
 -7167
 -1795
 -7901
 5539
 858
 6556
 -5996
 7606
 1493
 3513
 1647
 3069
 -2384
 6796
 -1282
 -3730
 7438
 -7822
 7326
 7381
 -7762
 6731
 -4704
 6064
 1459
 2580
 5682
 -4034
 -6832
 -5580
 -6310
 6406
 5416
 4555
 -6235
 -6628
 3473
 1400
 953
 -1323
 -7794
 1383
 4738
 -6018
 645
 3984
 -7257
 2898
 -3423
 -4337
 -597
 -95
 5832
 6230
 3807
 7678
 -4319
 2953
 -3917
 4754
 7663
 1447
 2743
 5036
 4882
 7552
 4381
 6807
 3836
 1539
 -5713
 -3581
 6554
 -498
 -1974
 -4015
 4928
 -2280
 2116
 -4800
 1217
 -1591
 -7673
 -7611
 2408
 -6746
 230
 -2902
 -6148
 -6135
 -4935
 -6613
 -7592
 -2638
 7295
 2687
 -3539
 1272
 2097
 -2634
 -727
 3153
 -6295
 2325
 30
 4144
 -2145
 -2912
 -7735
 5225
 7601
 4806
 -6368
 5432
 2418
 -723
 3797
 2400
 4857
 -3546
 7649
 -2857
 -3805
 -7418
 -4490
 3370
 -194
 -5216
 1559
 2527
 -1858
 -2308
 -3255
 2183
 -5603
 -3543
 3975
 5331
 1142
 6155
 -3077
 -7879
 -414
 -4953
 204
 7136
 5646
 7755
 -1397
 -2577
 -254
 3004
 338
 4631
 1186
 6624
 3801
 -6487
 790
 -431
 -2993
 -7882
 -3074
 -512
 1896
 -1040
 1768
 1819
 -1723
 3705
 -1545
 -4915
 2552
 3700
 -583
 -6115
 4396
 5765
 -2061
 2486
 7298
 4444
 1130
 2623
 -6074
 -7315
 -3402
 -1392
 -4389
 -3613
 7082
 -6172
 -722
 3938
 3426
 -6211
 2004
 6977
 2359
 -1279
 -6737
 7208
 -6694
 4417
 3936
 4983
 -5201
 -5758
 1398
 259
 2424
 -7137
 982
 6330
 -48
 -807
 -2997
 6909
 -6409
 4174
 -1393
 6243
 -82
 6255
 -6650
 5182
 386
 6073
 -7288
 7598
 1270
 -1259
 -328
 6610
 -6592
 5176
 3074
 7214
 3048
 -1031
 5627
 3479
 7863
 -6154
 6907
 -2146
 -874
 -1351
 -5623
 4331
 -3245
 3428
 -3911
 -7585
 -7263
 -913
 -306
 3321
 3880
 5838
 6737
 658
 -3042
 -4386
 4121
 -2643
 4397
 -5358
 710
 -6027
 6728
 -6794
 2340
 7731
 2502
 -925
 -353
 -7817
 7779
 -1841
 4969
 2363
 -4110
 -6619
 -6375
 4448
 3272
 7367
 -7443
 -3225
 -6952
 -7598
 -3339
 -7492
 -5954
 1331
 -743
 651
 -121
 -6959
 -6011
 -4759
 -5979
 3260
 175
 3036
 1296
 7373
 -4928
 -1606
 7704
 6285
 -416
 -2127
 -3550
 -1500
 -3672
 6323
 1093
 5073
 2518
 -1915
 -3594
 6668
 1135
 -1007
 2655
 6997
 -7741
 6994
 6231
 3838
 -4612
 430
 6465
 6176
 5957
 2870
 -7169
 -2837
 -6690
 6974
 -501
 -2567
 -7425
 5617
 -3217
 -7921
 3178
 5630
 1348
 5269
 -4019
 -451
 -2862
 -6584
 5521
 -3281
 -6965
 -3967
 -9
 -2780
 -2255
 -4506
 -6450
 4575
 -3859
 2727
 6457
 -6931
 4781
 3418
 1313
 7780
 5888
 3891
 5890
 -1249
 -3200
 5350
 7895
 7379
 -3637
 5940
 5918
 3844
 -7756
 -7038
 -3498
 6014
 -6938
 4139
 6841
 775
 -906
 -1217
 -2701
 5501
 6726
 1672
 -5115
 -7146
 -357
 -5902
 7487
 -280
 4325
 3338
 4525
 -2848
 -3779
 5571
 -985
 -5010
 -6647
 4436
 -7360
 126
 901
 5154
 -5219
 7543
 -3368
 3691
 6835
 4750
 7421
 -4449
 3989
 -6981
 6411
 -5356
 7674
 5579
 7819
 -3243
 2618
 1573
 -7236
 -2155
 -2868
 3990
 4073
 7726
 7272
 -5252
 3702
 6609
 5275
 -4960
 -2211
 -2623
 -6286
 -4068
 5403
 2678
 -4487
 -5204
 -6425
 -3955
 6819
 514
 3179
 3649
 -3656
 -5943
 638
 1932
 -789
 -2025
 -6362
 -5131
 -2669
 -3578
 1838
 -761
 -6780
 -3395
 -728
 -3577
 2135
 5300
 -1402
 -1722
 -1254
 5441
 697
 4460
 -5846
 -3881
 4976
 5382
 -5859
 -2223
 -2041
 3583
 -1187
 -2355
 -746
 -4746
 -6827
 -7316
 29
 -5194
 2396
 -5388
 -2332
 -47
 -3431
 5404
 -5333
 806
 -3540
 904
 3137
 -4651
 -3651
 -7875
 5219
 -3719
 642
 -2238
 4773
 6618
 -6657
 1001
 5166
 528
 -3821
 -1439
 576
 -882
 -2003
 -3155
 4690
 -5701
 2981
 5829
 6772
 6409
 761
 -7331
 6212
 -192
 -6822
 -7186
 -2189
 -2554
 1482
 -2767
 -7202
 5028
 -5156
 -6015
 -1404
 -6758
 1963
 -2323
 5394
 -3396
 -2160
 -1661
 3484
 -1562
 7439
 -3636
 -5681
 7123
 1227
 -165
 -323
 1524
 3252
 62
 -1952
 -4774
 2659
 -7021
 -5484
 1326
 -5130
 57
 -6979
 2599
 -5521
 6824
 3120
 393
 -5263
 5658
 980
 4111
 -1814
 6173
 1938
 4720
 -2587
 1333
 -6623
 5419
 442
 5691
 7937
 -3706
 -1609
 7144
 -5240
 500
 6023
 6988
 60
 4952
 -7928
 -696
 -2558
 4810
 -692
 -5429
 707
 -4443
 7890
 3920
 3198
 1265
 -2988
 -5187
 5396
 -6546
 -3675
 387
 -433
 372
 731
 -6934
 -6073
 -3153
 3875
 53
 -2225
 -2030
 6721
 1964
 -4302
 7294
 1104
 4394
 -875
 -4167
 -876
 -4147
 -5595
 -6308
 -3752
 6434
 1325
 3015
 -7192
 -7622
 4632
 3833
 -6512
 4258
 -4569
 -7899
 4977
 6346
 3963
 -1587
 -3501
 -2159
 4658
 2
 -3990
 -1346
 5681
 -5341
 -6199
 1500
 1207
 6344
 246
 7716
 -391
 -7516
 3921
 -3032
 3734
 -3921
 4247
 -3573
 2926
 2044
 925
 -3956
 -4923
 -2569
 5365
 -5951
 -80
 -7407
 -633
 7667
 -4776
 -5493
 3980
 4592
 -1877
 -3413
 3773
 -5254
 7162
 5515
 -5431
 5555
 -1362
 2155
 4623
 -5161
 -2870
 4301
 4278
 -6847
 7640
 970
 5498
 -3566
 -5052
 7931
 5966
 -6799
 3339
 7650
 -3554
 3972
 36
 -2714
 1894
 -7936
 4438
 -5854
 -6643
 -681
 -6528
 6562
 -5814
 222
 2474
 -4972
 7415
 -6921
 614
 -1312
 1892
 -5643
 7689
 -6985
 813
 467
 -2925
 2378
 -1992
 2816
 -6188
 6463
 4032
 7199
 6216
 4169
 4660
 -5000
 5793
 -2450
 -1433
 5115
 4573
 4424
 -4925
 3721
 6758
 -1395
 5910
 1183
 7899
 4352
 -3530
 6530
 -4066
 1824
 -5662
 7301
 5271
 2564
 2820
 -592
 2948
 -994
 -1989
 5237
 6602
 5827
 -7698
 6511
 4851
 39
 -1363
 5503
 -6792
 -1250
 4339
 136
 4600
 3843
 3383
 2519
 -2722
 -5765
 4320
 6651
 -4425
 -888
 1143
 -1508
 -6261
 -642
 1461
 -5945
 -2417
 -1113
 5254
 -290
 -7942
 -5894
 -2793
 1212
 -6084
 2903
 4574
 5559
 3175
 7095
 -2407
 2048
 -6285
 3468
 -817
 -4119
 -7950
 -4588
 1851
 -1394
 -5883
 5272
 7809
 -2343
 3133
 -640
 5469
 -2521
 -5169
 -5860
 7130
 -2783
 -3694
 5398
 7940
 -7965
 885
 -3372
 1858
 4470
 -3204
 7322
 7324
 -2893
 6741
 -6810
 1868
 -5806
 -1196
 732
 -7122
 -7507
 -2935
 -6573
 5492
 5171
 -2816
 -6770
 447
 5942
 5369
 -2773
 69
 -7408
 3011
 -6838
 -2415
 -5531
 -2337
 -6988
 -6471
 -3459
 581
 4266
 -4250
 3958
 -1102
 -2250
 6304
 -216
 -4174
 -228
 3598
 1847
 -7479
 -1646
 -3099
 2211
 289
 3821
 7564
 1527
 -6532
 6352
 3954
 -2218
 -7740
 -6944
 7889
 -1728
 -4230
 5175
 4532
 207
 -2736
 -6673
 -1930
 6717
 7953
 -6713
 -5837
 6215
 3900
 -1237
 -3960
 772
 1409
 -4202
 -6175
 -3251
 5245
 5528
 1771
 4973
 -4872
 -338
 -1484
 -6946
 7240
 -2123
 -5454
 -7866
 -6201
 -852
 -1792
 -2243
 -2779
 -7838
 7401
 -6564
 1877
 -791
 2068
 -4558
 -7969
 -3863
 -2496
 2755
 7994
 5131
 -2293
 696
 2871
 -553
 -2141
 -5026
 6862
 6278
 2297
 6553
 1471
 3815
 -3788
 1966
 -238
 -3111
 7609
 6594
 -1454
 -4137
 -5967
 -2824
 -4640
 4344
 6885
 -1290
 5197
 4778
 -5699
 -3145
 1643
 -2097
 -1726
 -4548
 -7800
 2468
 7858
 -2675
 7073
 3902
 -7106
 -1355
 -3313
 5752
 529
 5610
 -7944
 5673
 -6265
 2091
 -4684
 1402
 -4375
 -1821
 -6130
 -3717
 -7433
 1394
 132
 -1686
 7514
 5740
 -5963
 -2010
 -1842
 3846
 3606
 7468
 -271
 -3010
 7338
 -6896
 2951
 -2093
 4404
 -7045
 7860
 6265
 -44
 -4977
 -1068
 383
 1580
 3764
 -2969
 -6844
 -4161
 763
 -7676
 4227
 -2707
 -7071
 4083
 1710
 -7344
 -824
 1300
 -7633
 -3735
 5
 -7100
 -3403
 -3787
 -5113
 4262
 2972
 -2934
 -971
 6402
 -7262
 -1162
 -6213
 -1978
 -5017
 -7343
 -601
 6784
 922
 -6225
 3943
 -4213
 7897
 -425
 -6828
 -2038
 -3855
 -5317
 -7975
 -319
 -7810
 4243
 683
 -5932
 -2699
 -7414
 1048
 6128
 4675
 1705
 694
 -3016
 -2336
 -4768
 -7412
 7525
 -7346
 -4329
 2532
 4933
 -5139
 -4381
 5757
 7029
 -3817
 52
 -5757
 4791
 2241
 -7587
 3190
 568
 -6633
 5135
 -4013
 5981
 -1276
 -5529
 652
 2573
 1289
 -518
 -3214
 -6824
 6232
 2173
 1848
 212
 -2687
 7184
 -4812
 -1339
 7216
 -3984
 -4029
 730
 493
 5490
 -3814
 6592
 -1278
 -2018
 6099
 -600
 -2106
 2417
 -792
 -5627
 2853
 3446
 6929
 7804
 -1995
 5075
 -730
 7615
 -7355
 7091
 -481
 -3050
 276
 -5830
 4375
 4962
 776
 -2757
 -1094
 2628
 2920
 -1197
 -5826
 3798
 7776
 3105
 -3123
 -6109
 6464
 2008
 5246
 2326
 3676
 -5781
 -2723
 -3569
 -409
 2909
 3232
 -3534
 2533
 -1775
 -1004
 3533
 -6498
 -1738
 2147
 -1182
 791
 -7551
 -1647
 1160
 4068
 -673
 2710
 -7506
 -3201
 4502
 -5271
 -1965
 -7751
 15
 5711
 -5242
 -3219
 4837
 -907
 2846
 6897
 7962
 7655
 -7876
 5811
 3323
 -7455
 319
 5783
 3627
 -1172
 5903
 -2749
 -7111
 5471
 -6282
 3804
 6750
 6362
 6022
 3515
 6786
 7299
 7122
 448
 5866
 -1017
 7838
 -3812
 6084
 -4778
 6986
 -1319
 2055
 -6637
 -4229
 -185
 5384
 7498
 -1207
 961
 -7885
 2637
 5023
 -7869
 -7593
 -1746
 4609
 -1000
 3626
 -3858
 6579
 145
 18
 -3934
 3526
 -3270
 -6645
 -2929
 1384
 -3635
 -5345
 6026
 -7520
 -4537
 1404
 6320
 5478
 3670
 3655
 3330
 -7820
 1653
 -1556
 4570
 -5124
 7230
 5536
 -4272
 38
 5389
 -4328
 4093
 5450
 -645
 285
 -7553
 3410
 7202
 -3193
 -7927
 -4201
 5924
 -1255
 -1461
 -3922
 4088
 -3885
 7259
 -4100
 -1788
 -4930
 -2042
 -1836
 -7327
 -6461
 -4937
 1127
 1941
 3282
 -4846
 4189
 3467
 5722
 7573
 5164
 -810
 -3645
 5766
 6611
 -7010
 4314
 -2228
 6702
 7014
 1363
 6324
 918
 -7268
 5595
 2805
 -5129
 565
 3771
 -2167
 -1269
 -2191
 2440
 440
 4049
 -7892
 1618
 4071
 2029
 -7578
 1743
 -2584
 1594
 1110
 2747
 5895
 6455
 -754
 -37
 41
 -2443
 -4779
 -1134
 3392
 7600
 -419
 1099
 4572
 -4731
 1734
 5510
 -6736
 -813
 3940
 6876
 -1361
 4471
 45
 -1379
 -3047
 3779
 96
 6812
 5889
 -5002
 5744
 5024
 -3571
 6771
 5291
 4271
 6322
 -3337
 726
 6621
 -3533
 3434
 -2070
 -1495
 6072
 -5122
 -7787
 -5780
 -4517
 3408
 6003
 571
 -2804
 4820
 -3180
 -4274
 7104
 -6588
 -4673
 -6021
 579
 6345
 1118
 2883
 2288
 -614
 3465
 -4112
 4584
 -5325
 2509
 4877
 -6698
 113
 -963
 -110
 -748
 7898
 7059
 7746
 -1277
 -6863
 -2395
 -6618
 6902
 4706
 -4828
 -7373
 7865
 1861
 5523
 -7376
 4802
 -5927
 -7832
 3810
 -245
 7526
 2032
 -224
 -289
 -1117
 -3714
 -7366
 -2986
 7196
 6494
 4283
 -7033
 -4863
 -2143
 -6150
 -4927
 -2216
 4423
 238
 1849
 6401
 -7194
 -7314
 -1405
 6171
 4123
 -5303
 -1880
 -5266
 -6993
 3828
 -959
 125
 -4623
 469
 5781
 -2341
 6830
 353
 -6296
 1201
 1778
 2469
 -6024
 7990
 -3691
 748
 -3957
 1677
 7808
 6992
 -1913
 4715
 -3364
 -7628
 -1200
 -2920
 108
 6802
 -4186
 2485
 3839
 -547
 7206
 7081
 1936
 -2601
 -1727
 -7510
 3679
 -4458
 -4409
 -3142
 341
 478
 519
 -2517
 -4436
 3172
 5771
 3171
 7033
 -4479
 1971
 -5315
 1260
 -7557
 -5867
 -1966
 1809
 -1210
 1872
 -6726
 -2526
 -5054
 267
 1785
 -7946
 5145
 -6039
 -200
 1686
 999
 3809
 648
 -66
 -1934
 6588
 -3713
 -429
 -2429
 -6267
 -6886
 -5579
 -1949
 -4817
 864
 -5901
 1105
 6587
 -4051
 -7289
 966
 4329
 2517
 -6051
 -3588
 1818
 5901
 286
 -5329
 -4917
 6793
 -4424
 3661
 -6943
 -7607
 -7583
 -83
 891
 316
 -3028
 -120
 -2975
 449
 2745
 -664
 -825
 1101
 5127
 -2444
 4998
 -267
 1814
 -75
 3000
 -4318
 6374
 4700
 964
 -6350
 -3127
 5499
 -7752
 -3759
 -5081
 -1632
 -2608
 -2253
 -4020
 -6372
 -4102
 -5743
 2357
 -396
 2484
 -41
 5529
 3736
 7877
 -1046
 -7497
 7150
 5894
 -6193
 4332
 7042
 -5812
 4955
 7783
 6208
 2962
 3522
 -2562
 4567
 -798
 6297
 -7152
 2467
 -6693
 407
 6756
 4593
 -136
 -3118
 7273
 -1558
 6443
 6122
 -7926
 -698
 -751
 7712
 -3357
 -5453
 148
 5548
 -1156
 -1154
 -7092
 -5256
 6134
 -2315
 2094
 1707
 7692
 7773
 -2446
 6335
 4608
 -1527
 -5285
 -6877
 6116
 4141
 -19
 5243
 7275
 -4251
 2411
 3482
 6854
 -3110
 6487
 -300
