 6366
 -2447
 3387
 -1705
 5825
 -623
 2403
 1252
 771
 -7522
 5786
 -7511
 525
 4692
 6629
 2680
 6088
 -4298
 -2745
 -4938
 -4844
 2611
 5410
 679
 -6388
 7919
 -1457
 1138
 -1774
 -371
 3873
 5707
 4398
 4993
 -2978
 -7560
 -1434
 -3961
 -4339
 7493
 2840
 1206
 -4077
 937
 -6800
 3401
 -5597
 -7165
 3222
 3760
 3772
 -4267
 3596
 -6566
 5976
 -3495
 68
 7741
 7141
 5960
 5792
 2600
 -3991
 391
 6628
 3589
 -3460
 6745
 -735
 6527
 -1912
 -7545
 -1051
 -7509
 5428
 5839
 466
 -2423
 -805
 -821
 1532
 -7452
 -2936
 4097
 -6728
 1417
 -6767
 714
 -4330
 -5385
 6800
 6894
 -2764
 4335
 -5277
 -7190
 -7357
 7495
 2663
 598
 -4321
 2753
 4713
 -376
 -7299
 5862
 -6547
 -3877
 3897
 3317
 4013
 -7696
 -3474
 3987
 -6649
 -3597
 -1324
 -4221
 2977
 913
 5933
 4198
 4322
 6313
 6253
 7190
 -7046
 -257
 -2287
 -3888
 -6346
 5134
 6900
 6021
 -6014
 417
 -3845
 -7260
 -5324
 -1857
 1598
 7709
 -7072
 6842
 5632
 -3733
 400
 2488
 102
 -7489
 -2502
 4045
 -4235
 3819
 -3750
 6557
 -7704
 -2572
 4348
 -1642
 -4719
 -6915
 2222
 7762
 -3681
 2245
 -5337
 -7070
 3757
 -5186
 1112
 -4765
 3715
 7131
 -606
 3683
 -6714
 1536
 4294
 -7682
 2007
 6395
 -225
 -3181
 -1158
 6228
 -1603
 2142
 1621
 7319
 5463
 1981
 -4474
 -6578
 -3619
 1724
 -2392
 5713
 -7374
 -1517
 670
 -4031
 -1888
 -5318
 -76
 7693
 278
 4414
 -2683
 -6781
 6277
 -6352
 -822
 6857
 -6806
 3761
 -1049
 7537
 3
 3892
 -2721
 -2762
 6189
 -7159
 1302
 -172
 -3777
 157
 1320
 834
 -7420
 1635
 4930
 -2849
 -6482
 374
 7336
 1362
 3742
 7166
 4527
 -1477
 -5409
 -7806
 1372
 -7446
 -6871
 610
 2522
 -6001
 -3760
 -4693
 -2858
 6921
 3983
 6202
 -2076
 -5717
 5945
 6428
 6535
 -2095
 -1246
 -7167
 -1795
 -7901
 5539
 858
 6556
 -5996
 7606
 1493
 3513
 1647
 3069
 -2384
 6796
 -1282
 -3730
 7438
 -7822
 7326
 7381
 -7762
 6731
 -4704
 6064
 1459
 2580
 5682
 -4034
 -6832
 -5580
 -6310
 6406
 5416
 4555
 -6235
 -6628
 3473
 1400
 953
 -1323
 -7794
 1383
 4738
 -6018
 645
 3984
 -7257
 2898
 -3423
 -4337
 -597
 -95
 5832
 6230
 3807
 7678
 -4319
 2953
 -3917
 4754
 7663
 1447
 2743
 5036
 4882
 7552
 4381
 6807
 3836
 1539
 -5713
 -3581
 6554
 -498
 -1974
 -4015
 4928
 -2280
 2116
 -4800
 1217
 -1591
 -7673
 -7611
 2408
 -6746
 230
 -2902
 -6148
 -6135
 -4935
 -6613
 -7592
 -2638
 7295
 2687
 -3539
 1272
 2097
 -2634
 -727
 3153
 -6295
 2325
 30
 4144
 -2145
 -2912
 -7735
 5225
 7601
 4806
 -6368
 5432
 2418
 -723
 3797
 2400
 4857
 -3546
 7649
 -2857
 -3805
 -7418
 -4490
 3370
 -194
 -5216
 1559
 2527
 -1858
 -2308
 -3255
 2183
 -5603
 -3543
 3975
 5331
 1142
 6155
 -3077
 -7879
 -414
 -4953
 204
 7136
 5646
 7755
 -1397
 -2577
 -254
 3004
 338
 4631
 1186
 6624
 3801
 -6487
 790
 -431
 -2993
 -7882
 -3074
 -512
 1896
 -1040
 1768
 1819
 -1723
 3705
 -1545
 -4915
 2552
 3700
 -583
 -6115
 4396
 5765
 -2061
 2486
 7298
 4444
 1130
 2623
 -6074
 -7315
 -3402
 -1392
 -4389
 -3613
 7082
 -6172
 -722
 3938
 3426
 -6211
 2004
 6977
 2359
 -1279
 -6737
 7208
 -6694
 4417
 3936
 4983
 -5201
 -5758
 1398
 259
 2424
 -7137
 982
 6330
 -48
 -807
 -2997
 6909
 -6409
 4174
 -1393
 6243
 -82
 6255
 -6650
 5182
 386
 6073
 -7288
 7598
 1270
 -1259
 -328
 6610
 -6592
 5176
 3074
 7214
 3048
 -1031
 5627
 3479
 7863
 -6154
 6907
 -2146
 -874
 -1351
 -5623
 4331
 -3245
 3428
 -3911
 -7585
 -7263
 -913
 -306
 3321
 3880
 5838
 6737
 658
 -3042
 -4386
 4121
 -2643
 4397
 -5358
 710
 -6027
 6728
 -6794
 2340
 7731
 2502
 -925
 -353
 -7817
 7779
 -1841
 4969
 2363
 -4110
 -6619
 -6375
 4448
 3272
 7367
 -7443
 -3225
 -6952
 -7598
 -3339
 -7492
 -5954
 1331
 -743
 651
 -121
 -6959
 -6011
 -4759
 -5979
 3260
 175
 3036
 1296
 7373
 -4928
 -1606
 7704
 6285
 -416
 -2127
 -3550
 -1500
 -3672
 6323
 1093
 5073
 2518
 -1915
 -3594
 6668
 1135
 -1007
 2655
 6997
 -7741
 6994
 6231
 3838
 -4612
 430
 6465
 6176
 5957
 2870
 -7169
 -2837
 -6690
 6974
 -501
 -2567
 -7425
 5617
 -3217
 -7921
 3178
 5630
 1348
 5269
 -4019
 -451
 -2862
 -6584
 5521
 -3281
 -6965
 -3967
 -9
 -2780
 -2255
 -4506
 -6450
 4575
 -3859
 2727
 6457
 -6931
 4781
 3418
 1313
 7780
 5888
 3891
 5890
 -1249
 -3200
 5350
 7895
 7379
 -3637
 5940
 5918
 3844
 -7756
 -7038
 -3498
 6014
 -6938
 4139
 6841
 775
 -906
 -1217
 -2701
 5501
 6726
 1672
 -5115
 -7146
 -357
 -5902
 7487
 -280
 4325
 3338
 4525
 -2848
 -3779
 5571
 -985
 -5010
 -6647
 4436
 -7360
 126
 901
 5154
 -5219
 7543
 -3368
 3691
 6835
 4750
 7421
 -4449
 3989
 -6981
 6411
 -5356
 7674
 5579
 7819
 -3243
 2618
 1573
 -7236
 -2155
 -2868
 3990
 4073
 7726
 7272
 -5252
 3702
 6609
 5275
 -4960
 -2211
 -2623
 -6286
 -4068
 5403
 2678
 -4487
 -5204
 -6425
 -3955
 6819
 514
 3179
 3649
 -3656
 -5943
 638
 1932
 -789
 -2025
 -6362
 -5131
 -2669
 -3578
 1838
 -761
 -6780
 -3395
 -728
 -3577
 2135
 5300
 -1402
 -1722
 -1254
 5441
 697
 4460
 -5846
 -3881
 4976
 5382
 -5859
 -2223
 -2041
 3583
 -1187
 -2355
 -746
 -4746
 -6827
 -7316
 29
 -5194
 2396
 -5388
 -2332
 -47
 -3431
 5404
 -5333
 806
 -3540
 904
 3137
 -4651
 -3651
 -7875
 5219
 -3719
 642
 -2238
 4773
 6618
 -6657
 1001
 5166
 528
 -3821
 -1439
 576
 -882
 -2003
 -3155
 4690
 -5701
 2981
 5829
 6772
 6409
 761
 -7331
 6212
 -192
 -6822
 -7186
 -2189
 -2554
 1482
 -2767
 -7202
 5028
 -5156
 -6015
 -1404
 -6758
 1963
 -2323
 5394
 -3396
 -2160
 -1661
 3484
 -1562
 7439
 -3636
 -5681
 7123
 1227
 -165
 -323
 1524
 3252
 62
 -1952
 -4774
 2659
 -7021
 -5484
 1326
 -5130
 57
 -6979
 2599
 -5521
 6824
 3120
 393
 -5263
 5658
 980
 4111
 -1814
 6173
 1938
 4720
 -2587
 1333
 -6623
 5419
 442
 5691
 7937
 -3706
 -1609
 7144
 -5240
 500
 6023
 6988
 60
 4952
 -7928
 -696
 -2558
 4810
 -692
 -5429
 707
 -4443
 7890
 3920
 3198
 1265
 -2988
 -5187
 5396
 -6546
 -3675
 387
 -433
 372
 731
 -6934
 -6073
 -3153
 3875
 53
 -2225
 -2030
 6721
 1964
 -4302
 7294
 1104
 4394
 -875
 -4167
 -876
 -4147
 -5595
 -6308
 -3752
 6434
 1325
 3015
 -7192
 -7622
 4632
 3833
 -6512
 4258
 -4569
 -7899
 4977
 6346
 3963
 -1587
 -3501
 -2159
 4658
 2
 -3990
 -1346
 5681
 -5341
 -6199
 1500
 1207
 6344
 246
 7716
 -391
 -7516
 3921
 -3032
 3734
 -3921
 4247
 -3573
 2926
 2044
 925
 -3956
 -4923
 -2569
 5365
 -5951
 -80
 -7407
 -633
 7667
 -4776
 -5493
 3980
 4592
 -1877
 -3413
 3773
 -5254
 7162
 5515
 -5431
 5555
 -1362
 2155
 4623
 -5161
 -2870
 4301
 4278
 -6847
 7640
 970
 5498
 -3566
 -5052
 7931
 5966
 -6799
 3339
 7650
 -3554
 3972
 36
 -2714
 1894
