 6366
 -2447
 3387
 -1705
 5825
 -623
 2403
 1252
 771
 -7522
 5786
 -7511
 525
 4692
 6629
 2680
 6088
 -4298
 -2745
 -4938
 -4844
 2611
 5410
 679
 -6388
 7919
 -1457
 1138
 -1774
 -371
 3873
 5707
 4398
 4993
 -2978
 -7560
 -1434
 -3961
 -4339
 7493
 2840
 1206
 -4077
 937
 -6800
 3401
 -5597
 -7165
 3222
 3760
 3772
 -4267
 3596
 -6566
 5976
 -3495
 68
 7741
 7141
 5960
 5792
 2600
 -3991
 391
 6628
 3589
 -3460
 6745
 -735
 6527
 -1912
 -7545
 -1051
 -7509
 5428
 5839
 466
 -2423
 -805
 -821
 1532
 -7452
 -2936
 4097
 -6728
 1417
 -6767
 714
 -4330
 -5385
 6800
 6894
 -2764
 4335
 -5277
 -7190
 -7357
 7495
 2663
 598
 -4321
 2753
 4713
 -376
 -7299
 5862
 -6547
 -3877
 3897
 3317
 4013
 -7696
 -3474
 3987
 -6649
 -3597
 -1324
 -4221
 2977
 913
 5933
 4198
 4322
 6313
 6253
 7190
 -7046
 -257
 -2287
 -3888
 -6346
 5134
 6900
 6021
 -6014
 417
 -3845
 -7260
 -5324
 -1857
 1598
 7709
 -7072
 6842
 5632
 -3733
 400
 2488
 102
 -7489
 -2502
 4045
 -4235
 3819
 -3750
 6557
 -7704
 -2572
 4348
 -1642
 -4719
 -6915
 2222
 7762
 -3681
 2245
 -5337
 -7070
 3757
 -5186
 1112
 -4765
 3715
 7131
 -606
 3683
 -6714
 1536
 4294
 -7682
 2007
 6395
 -225
 -3181
 -1158
 6228
 -1603
 2142
 1621
 7319
 5463
 1981
 -4474
 -6578
 -3619
 1724
 -2392
 5713
 -7374
 -1517
 670
 -4031
 -1888
 -5318
 -76
 7693
 278
 4414
 -2683
 -6781
 6277
 -6352
 -822
 6857
 -6806
 3761
 -1049
 7537
 3
 3892
 -2721
 -2762
 6189
 -7159
 1302
 -172
 -3777
 157
 1320
 834
 -7420
 1635
 4930
 -2849
 -6482
 374
 7336
 1362
 3742
 7166
 4527
 -1477
 -5409
 -7806
 1372
 -7446
 -6871
 610
 2522
 -6001
 -3760
 -4693
 -2858
 6921
 3983
 6202
 -2076
 -5717
 5945
 6428
 6535
 -2095
 -1246
 -7167
 -1795
 -7901
 5539
 858
 6556
 -5996
 7606
 1493
 3513
 1647
 3069
 -2384
 6796
 -1282
 -3730
 7438
 -7822
 7326
 7381
 -7762
 6731
 -4704
 6064
 1459
 2580
 5682
 -4034
 -6832
 -5580
 -6310
 6406
 5416
 4555
 -6235
 -6628
 3473
 1400
 953
 -1323
 -7794
 1383
 4738
 -6018
 645
 3984
 -7257
 2898
 -3423
 -4337
 -597
 -95
 5832
 6230
 3807
 7678
 -4319
 2953
 -3917
 4754
 7663
 1447
 2743
 5036
 4882
 7552
 4381
 6807
 3836
 1539
 -5713
 -3581
 6554
 -498
 -1974
 -4015
 4928
 -2280
 2116
 -4800
 1217
 -1591
 -7673
 -7611
 2408
 -6746
 230
 -2902
 -6148
 -6135
 -4935
 -6613
 -7592
 -2638
 7295
 2687
 -3539
 1272
 2097
 -2634
 -727
 3153
 -6295
 2325
 30
 4144
 -2145
 -2912
 -7735
 5225
 7601
 4806
 -6368
 5432
 2418
 -723
 3797
 2400
 4857
 -3546
 7649
 -2857
 -3805
 -7418
 -4490
 3370
 -194
 -5216
 1559
 2527
 -1858
 -2308
 -3255
 2183
 -5603
 -3543
 3975
 5331
 1142
 6155
 -3077
 -7879
 -414
 -4953
 204
 7136
 5646
 7755
 -1397
 -2577
 -254
 3004
 338
 4631
 1186
 6624
 3801
 -6487
 790
 -431
 -2993
 -7882
 -3074
 -512
 1896
 -1040
 1768
 1819
 -1723
 3705
 -1545
 -4915
 2552
 3700
 -583
 -6115
 4396
 5765
 -2061
 2486
 7298
 4444
 1130
 2623
 -6074
 -7315
 -3402
 -1392
 -4389
 -3613
 7082
 -6172
 -722
 3938
 3426
 -6211
 2004
 6977
 2359
 -1279
 -6737
 7208
 -6694
 4417
 3936
 4983
 -5201
 -5758
 1398
 259
 2424
 -7137
 982
 6330
 -48
 -807
 -2997
 6909
 -6409
 4174
 -1393
 6243
 -82
 6255
 -6650
 5182
 386
 6073
 -7288
 7598
 1270
 -1259
 -328
 6610
 -6592
 5176
 3074
 7214
 3048
 -1031
 5627
 3479
 7863
 -6154
 6907
 -2146
 -874
 -1351
 -5623
 4331
 -3245
 3428
 -3911
 -7585
 -7263
 -913
 -306
 3321
 3880
 5838
 6737
 658
 -3042
 -4386
 4121
 -2643
 4397
 -5358
 710
 -6027
 6728
 -6794
 2340
 7731
 2502
 -925
 -353
 -7817
 7779
 -1841
 4969
 2363
 -4110
 -6619
 -6375
 4448
 3272
 7367
 -7443
 -3225
 -6952
 -7598
 -3339
 -7492
 -5954
 1331
 -743
 651
 -121
 -6959
 -6011
 -4759
 -5979
 3260
 175
 3036
 1296
 7373
 -4928
 -1606
 7704
 6285
 -416
 -2127
 -3550
 -1500
 -3672
 6323
 1093
 5073
 2518
 -1915
 -3594
 6668
 1135
 -1007
 2655
 6997
 -7741
 6994
 6231
 3838
 -4612
 430
 6465
 6176
 5957
 2870
 -7169
 -2837
 -6690
 6974
 -501
 -2567
 -7425
 5617
 -3217
 -7921
 3178
 5630
 1348
 5269
 -4019
 -451
 -2862
 -6584
 5521
 -3281
 -6965
 -3967
 -9
 -2780
 -2255
 -4506
 -6450
 4575
 -3859
 2727
 6457
 -6931
 4781
 3418
 1313
 7780
 5888
 3891
 5890
 -1249
 -3200
 5350
 7895
 7379
 -3637
 5940
 5918
 3844
 -7756
 -7038
 -3498
 6014
 -6938
 4139
 6841
 775
 -906
 -1217
 -2701
 5501
 6726
 1672
 -5115
 -7146
 -357
 -5902
 7487
 -280
 4325
 3338
 4525
 -2848
 -3779
 5571
 -985
 -5010
 -6647
 4436
 -7360
 126
 901
 5154
 -5219
 7543
 -3368
 3691
 6835
 4750
 7421
 -4449
 3989
 -6981
 6411
 -5356
 7674
 5579
 7819
 -3243
 2618
 1573
 -7236
 -2155
 -2868
 3990
 4073
 7726
 7272
 -5252
 3702
 6609
 5275
 -4960
 -2211
 -2623
 -6286
 -4068
 5403
 2678
 -4487
 -5204
 -6425
 -3955
 6819
 514
 3179
 3649
 -3656
 -5943
 638
 1932
 -789
 -2025
 -6362
 -5131
 -2669
 -3578
 1838
 -761
 -6780
 -3395
 -728
 -3577
 2135
 5300
 -1402
 -1722
 -1254
 5441
 697
 4460
 -5846
 -3881
 4976
 5382
 -5859
 -2223
 -2041
 3583
 -1187
 -2355
 -746
 -4746
 -6827
 -7316
 29
 -5194
 2396
 -5388
 -2332
 -47
 -3431
 5404
 -5333
 806
 -3540
 904
 3137
 -4651
 -3651
 -7875
 5219
 -3719
 642
 -2238
 4773
 6618
 -6657
 1001
 5166
 528
 -3821
 -1439
 576
 -882
 -2003
 -3155
 4690
 -5701
 2981
 5829
 6772
 6409
 761
 -7331
 6212
 -192
 -6822
 -7186
 -2189
 -2554
 1482
 -2767
 -7202
 5028
 -5156
 -6015
 -1404
 -6758
 1963
 -2323
 5394
 -3396
 -2160
 -1661
 3484
 -1562
 7439
 -3636
 -5681
 7123
 1227
 -165
 -323
 1524
 3252
 62
 -1952
 -4774
 2659
 -7021
 -5484
 1326
 -5130
 57
 -6979
 2599
 -5521
 6824
 3120
 393
 -5263
 5658
 980
 4111
 -1814
 6173
 1938
 4720
 -2587
 1333
 -6623
 5419
 442
 5691
 7937
 -3706
 -1609
 7144
 -5240
 500
 6023
 6988
 60
 4952
 -7928
 -696
 -2558
 4810
 -692
 -5429
 707
 -4443
 7890
 3920
 3198
 1265
 -2988
 -5187
 5396
 -6546
 -3675
 387
 -433
 372
 731
 -6934
 -6073
 -3153
 3875
 53
 -2225
 -2030
 6721
 1964
 -4302
 7294
 1104
 4394
 -875
 -4167
 -876
 -4147
 -5595
 -6308
 -3752
 6434
 1325
 3015
 -7192
 -7622
 4632
 3833
 -6512
 4258
 -4569
 -7899
 4977
 6346
 3963
 -1587
 -3501
 -2159
 4658
 2
 -3990
 -1346
 5681
 -5341
 -6199
 1500
 1207
 6344
 246
 7716
 -391
 -7516
 3921
 -3032
 3734
 -3921
 4247
 -3573
 2926
 2044
 925
 -3956
 -4923
 -2569
 5365
 -5951
 -80
 -7407
 -633
 7667
 -4776
 -5493
 3980
 4592
 -1877
 -3413
 3773
 -5254
 7162
 5515
 -5431
 5555
 -1362
 2155
 4623
 -5161
 -2870
 4301
 4278
 -6847
 7640
 970
 5498
 -3566
 -5052
 7931
 5966
 -6799
 3339
 7650
 -3554
 3972
 36
 -2714
 1894
 -7936
 4438
 -5854
 -6643
 -681
 -6528
 6562
 -5814
 222
 2474
 -4972
 7415
 -6921
 614
 -1312
 1892
 -5643
 7689
 -6985
 813
 467
 -2925
 2378
 -1992
 2816
 -6188
 6463
 4032
 7199
 6216
 4169
 4660
 -5000
 5793
 -2450
 -1433
 5115
 4573
 4424
 -4925
 3721
 6758
 -1395
 5910
 1183
 7899
 4352
 -3530
 6530
 -4066
 1824
 -5662
 7301
 5271
 2564
 2820
 -592
 2948
 -994
 -1989
 5237
 6602
 5827
 -7698
 6511
 4851
 39
 -1363
 5503
 -6792
 -1250
 4339
 136
 4600
 3843
 3383
 2519
 -2722
 -5765
 4320
 6651
 -4425
 -888
 1143
 -1508
 -6261
 -642
 1461
 -5945
 -2417
 -1113
 5254
 -290
 -7942
 -5894
 -2793
 1212
 -6084
 2903
 4574
 5559
 3175
 7095
 -2407
 2048
 -6285
 3468
 -817
 -4119
 -7950
 -4588
 1851
 -1394
 -5883
 5272
 7809
 -2343
 3133
 -640
 5469
 -2521
 -5169
 -5860
 7130
 -2783
 -3694
 5398
 7940
 -7965
 885
 -3372
 1858
 4470
 -3204
 7322
 7324
 -2893
 6741
 -6810
 1868
 -5806
 -1196
 732
 -7122
 -7507
 -2935
 -6573
 5492
 5171
 -2816
 -6770
 447
 5942
 5369
 -2773
 69
 -7408
 3011
 -6838
 -2415
 -5531
 -2337
 -6988
 -6471
 -3459
 581
 4266
 -4250
 3958
 -1102
 -2250
 6304
 -216
 -4174
 -228
 3598
 1847
 -7479
 -1646
 -3099
 2211
 289
 3821
 7564
 1527
 -6532
 6352
 3954
 -2218
 -7740
 -6944
 7889
 -1728
 -4230
 5175
 4532
 207
 -2736
 -6673
 -1930
 6717
 7953
 -6713
 -5837
 6215
 3900
 -1237
 -3960
 772
 1409
 -4202
 -6175
 -3251
 5245
 5528
 1771
 4973
 -4872
 -338
 -1484
 -6946
 7240
 -2123
 -5454
 -7866
 -6201
 -852
 -1792
 -2243
 -2779
 -7838
 7401
 -6564
 1877
 -791
 2068
 -4558
 -7969
 -3863
 -2496
 2755
 7994
 5131
 -2293
 696
 2871
 -553
 -2141
 -5026
 6862
 6278
 2297
 6553
 1471
 3815
 -3788
 1966
 -238
 -3111
 7609
 6594
 -1454
 -4137
 -5967
 -2824
 -4640
 4344
 6885
 -1290
 5197
 4778
 -5699
 -3145
 1643
 -2097
 -1726
 -4548
 -7800
 2468
 7858
 -2675
 7073
 3902
 -7106
 -1355
 -3313
 5752
 529
 5610
 -7944
 5673
 -6265
 2091
 -4684
 1402
 -4375
 -1821
 -6130
 -3717
 -7433
 1394
 132
 -1686
 7514
 5740
 -5963
 -2010
 -1842
 3846
 3606
 7468
 -271
 -3010
 7338
 -6896
 2951
 -2093
 4404
 -7045
 7860
 6265
 -44
 -4977
 -1068
 383
 1580
 3764
 -2969
 -6844
 -4161
 763
 -7676
 4227
 -2707
 -7071
 4083
 1710
 -7344
 -824
 1300
 -7633
 -3735
 5
 -7100
 -3403
 -3787
 -5113
 4262
 2972
 -2934
 -971
 6402
 -7262
 -1162
 -6213
 -1978
 -5017
 -7343
 -601
 6784
 922
 -6225
 3943
 -4213
 7897
 -425
 -6828
 -2038
 -3855
 -5317
 -7975
 -319
 -7810
 4243
 683
 -5932
 -2699
 -7414
 1048
 6128
 4675
 1705
 694
 -3016
 -2336
 -4768
 -7412
 7525
 -7346
 -4329
 2532
 4933
 -5139
 -4381
 5757
 7029
 -3817
 52
 -5757
 4791
 2241
 -7587
 3190
 568
 -6633
 5135
 -4013
 5981
 -1276
 -5529
 652
 2573
 1289
 -518
 -3214
 -6824
 6232
 2173
 1848
 212
 -2687
 7184
 -4812
 -1339
 7216
 -3984
 -4029
 730
 493
 5490
 -3814
 6592
 -1278
 -2018
 6099
 -600
 -2106
 2417
 -792
 -5627
 2853
 3446
 6929
 7804
 -1995
 5075
 -730
 7615
 -7355
 7091
 -481
 -3050
 276
 -5830
 4375
 4962
 776
 -2757
 -1094
 2628
 2920
 -1197
 -5826
 3798
 7776
 3105
 -3123
 -6109
 6464
 2008
 5246
 2326
 3676
 -5781
 -2723
 -3569
 -409
 2909
 3232
 -3534
 2533
 -1775
 -1004
 3533
 -6498
 -1738
 2147
 -1182
 791
 -7551
 -1647
 1160
 4068
 -673
 2710
 -7506
 -3201
 4502
 -5271
 -1965
 -7751
 15
 5711
 -5242
 -3219
 4837
 -907
 2846
 6897
 7962
 7655
 -7876
 5811
 3323
 -7455
 319
 5783
 3627
 -1172
 5903
 -2749
 -7111
 5471
 -6282
 3804
 6750
 6362
 6022
 3515
 6786
 7299
 7122
 448
 5866
 -1017
 7838
 -3812
 6084
 -4778
 6986
 -1319
 2055
 -6637
 -4229
 -185
 5384
 7498
 -1207
 961
 -7885
 2637
 5023
 -7869
 -7593
 -1746
 4609
 -1000
 3626
 -3858
 6579
 145
 18
 -3934
 3526
 -3270
 -6645
 -2929
 1384
 -3635
 -5345
 6026
 -7520
 -4537
 1404
 6320
 5478
 3670
 3655
 3330
 -7820
 1653
 -1556
 4570
 -5124
 7230
 5536
 -4272
 38
 5389
 -4328
 4093
 5450
 -645
 285
 -7553
 3410
 7202
 -3193
 -7927
 -4201
 5924
 -1255
 -1461
 -3922
 4088
 -3885
 7259
 -4100
 -1788
 -4930
 -2042
 -1836
 -7327
 -6461
 -4937
 1127
 1941
 3282
 -4846
 4189
 3467
 5722
 7573
 5164
 -810
 -3645
 5766
 6611
 -7010
 4314
 -2228
 6702
 7014
 1363
 6324
 918
 -7268
 5595
 2805
 -5129
 565
 3771
 -2167
 -1269
 -2191
 2440
 440
 4049
 -7892
 1618
 4071
 2029
 -7578
 1743
 -2584
 1594
 1110
 2747
 5895
 6455
 -754
 -37
 41
 -2443
 -4779
 -1134
 3392
 7600
 -419
 1099
 4572
 -4731
 1734
 5510
 -6736
 -813
 3940
 6876
 -1361
 4471
 45
 -1379
 -3047
 3779
 96
 6812
 5889
 -5002
 5744
 5024
 -3571
 6771
 5291
 4271
 6322
 -3337
 726
 6621
 -3533
 3434
 -2070
 -1495
 6072
 -5122
 -7787
 -5780
 -4517
 3408
 6003
 571
 -2804
 4820
 -3180
 -4274
 7104
 -6588
 -4673
 -6021
 579
 6345
 1118
 2883
 2288
 -614
 3465
 -4112
 4584
 -5325
 2509
 4877
 -6698
 113
 -963
 -110
 -748
 7898
 7059
 7746
 -1277
 -6863
 -2395
 -6618
 6902
 4706
 -4828
 -7373
 7865
 1861
 5523
 -7376
 4802
 -5927
 -7832
 3810
 -245
 7526
 2032
 -224
 -289
 -1117
 -3714
 -7366
 -2986
 7196
 6494
 4283
 -7033
 -4863
 -2143
 -6150
 -4927
 -2216
 4423
 238
 1849
 6401
 -7194
 -7314
 -1405
 6171
 4123
 -5303
 -1880
 -5266
 -6993
 3828
 -959
 125
 -4623
 469
 5781
 -2341
 6830
 353
 -6296
 1201
 1778
 2469
 -6024
 7990
 -3691
 748
 -3957
 1677
 7808
 6992
 -1913
 4715
 -3364
 -7628
 -1200
 -2920
 108
 6802
 -4186
 2485
 3839
 -547
 7206
 7081
 1936
 -2601
 -1727
 -7510
 3679
 -4458
 -4409
 -3142
 341
 478
 519
 -2517
 -4436
 3172
 5771
 3171
 7033
 -4479
 1971
 -5315
 1260
 -7557
 -5867
 -1966
 1809
 -1210
 1872
 -6726
 -2526
 -5054
 267
 1785
 -7946
 5145
 -6039
 -200
 1686
 999
 3809
 648
 -66
 -1934
 6588
 -3713
 -429
 -2429
 -6267
 -6886
 -5579
 -1949
 -4817
 864
 -5901
 1105
 6587
 -4051
 -7289
 966
 4329
 2517
 -6051
 -3588
 1818
 5901
 286
 -5329
 -4917
 6793
 -4424
 3661
 -6943
 -7607
 -7583
 -83
 891
 316
 -3028
 -120
 -2975
 449
 2745
 -664
 -825
 1101
 5127
 -2444
 4998
 -267
 1814
 -75
 3000
 -4318
 6374
 4700
 964
 -6350
 -3127
 5499
 -7752
 -3759
 -5081
 -1632
 -2608
 -2253
 -4020
 -6372
 -4102
 -5743
 2357
 -396
 2484
 -41
 5529
 3736
 7877
 -1046
 -7497
 7150
 5894
 -6193
 4332
 7042
 -5812
 4955
 7783
 6208
 2962
 3522
 -2562
 4567
 -798
 6297
 -7152
 2467
 -6693
 407
 6756
 4593
 -136
 -3118
 7273
 -1558
 6443
 6122
 -7926
 -698
 -751
 7712
 -3357
 -5453
 148
 5548
 -1156
 -1154
 -7092
 -5256
 6134
 -2315
 2094
 1707
 7692
 7773
 -2446
 6335
 4608
 -1527
 -5285
 -6877
 6116
 4141
 -19
 5243
 7275
 -4251
 2411
 3482
 6854
 -3110
 6487
 -300
 7139
 7474
 821
 2207
 2384
 -1887
 2947
 -2500
 -2891
 -5448
 -5926
 -5181
 288
 -4845
 605
 -1744
 401
 2287
 673
 6069
 -5287
 -3282
 6917
 -3022
 3625
 6687
 7043
 3342
 1516
 -2984
 368
 -4056
 7823
 6863
 -631
 6555
 -315
 5143
 -1900
 7335
 -5278
 672
 7463
 6275
 -5275
 -520
 -691
 7541
 1729
 -6013
 -776
 2507
 2790
 5022
 -6129
 184
 -4491
 3127
 1156
 -3299
 -1318
 5816
 -2126
 327
 5067
 -1786
 2851
 1926
 942
 863
 4016
 -3122
 -2272
 -3170
 -5184
 -6102
 -3916
 1681
 6526
 -1680
 3570
 -5270
 -5607
 1267
 2429
 3783
 -5062
 4794
 -3211
 473
 1184
 -5637
 -6478
 -2285
 -7267
 5508
 -7335
 4644
 -2612
 -3602
 -5193
 -125
 4726
 -7203
 4922
 3593
 -931
 7163
 -6995
 -6125
 3340
 -4399
 -1654
 -904
 7333
 -542
 4450
 722
 2966
 -5477
 4876
 7285
 7491
 3216
 6808
 -4997
 435
 7582
 -2797
 -4990
 98
 -1338
 1465
 612
 -3690
 395
 -4002
 -831
 -1057
 -5462
 -7596
 1988
 2086
 -5197
 -2836
 220
 2514
 2807
 5170
 464
 -7845
 546
 -4722
 284
 4390
 -560
 4752
 -7821
 -2381
 5875
 6951
 -1589
 -6359
 -670
 1832
 -2305
 -2215
 -256
 -4793
 -5239
 -3137
 1
 -331
 -4165
 -1745
 1596
 -6702
 -7549
 -3753
 6351
 7588
 3147
 7844
 1016
 -5394
 2021
 7068
 -89
 -2681
 5104
 -2560
 -3458
 -2260
 -6759
 6490
 -2046
 -3669
 -4489
 5759
 -2414
 -2487
 -5495
 2115
 -5626
 -7051
 3808
 5479
 -5042
 -5539
 -2680
 6083
 7902
 -3515
 6139
 -4796
 -2147
 -1374
 -1803
 12
 -2489
 1215
 -1430
 1366
 7348
 4
 379
 -2086
 -4984
 5027
 -2957
 2958
 -240
 5487
 7869
 7147
 -7234
 6205
 -6581
 -6257
 1096
 -1227
 4355
 -4404
 -4052
 -6526
 -4970
 5917
 -2819
 93
 -5735
 -5861
 -7415
 -3599
 -102
 -5564
 -6427
 7060
 -2310
 1003
 -294
 735
 -7417
 -6058
 -6601
 3495
 -3819
 -2316
 -7967
 -1899
 -5992
 6241
 1353
 3270
 5152
 1572
 -2082
 -857
 -1669
 -4041
 4191
 -6380
 -7454
 -4204
 -2205
 -6873
 -7808
 -3912
 -1523
 64
 1671
 6851
 7046
 -6973
 -6126
 -2187
 6916
 7604
 -5796
 -7873
 -3331
 -1710
 -929
 4712
 3915
 -3754
 -6911
 -5272
 -3843
 1603
 -568
 -4571
 461
 2744
 -2045
 -5941
 7753
 -1251
 78
 -1580
 4839
 -3699
 1827
 5653
 -2697
 -1883
 -4055
 -2170
 7457
 4546
 -7908
 -6340
 7982
 7981
 87
 333
 -979
 2792
 -7826
 4267
 482
 3298
 1521
 4449
 6681
 -5128
 3156
 -5738
 -3500
 -7554
 2723
 6321
 -3341
 2333
 5296
 262
 -4011
 5835
 3063
 1816
 3496
 -627
 7292
 -7537
 2420
 5774
 -4578
 1869
 -6342
 -6851
 -3538
 -1947
 6532
 -4428
 7246
 -3213
 -5505
 -7963
 4282
 -7865
 -6820
 -3568
 4461
 4412
 -5210
 4469
 5970
 7629
 -1265
 7346
 -724
 7200
 -4315
 1881
 -6381
 -1827
 7511
 -6060
 4143
 -551
 6043
 -2110
 5963
 54
 898
 3724
 -3798
 -5709
 3031
 -4567
 -5401
 5674
 -1581
 1940
 7881
 2829
 -5989
 3098
 -1222
 4124
 1929
 2212
 2983
 90
 5040
 3258
 7203
 5953
 -456
 3256
 -3725
 127
 -3925
 7250
 -7040
 -593
 6078
 3299
 4760
 -342
 -2616
 2834
 -7505
 7020
 1487
 -248
 -1378
 7944
 3550
 -4898
 2314
 5633
 928
 7264
 3373
 -4788
 636
 -3796
 -5745
 1984
 7483
 4057
 2647
 4979
 -3318
 3507
 -4743
 6655
 6112
 3388
 -3769
 -4627
 7571
 158
 335
 1484
 1007
 -7979
 4831
 5120
 -1852
 -6202
 -427
 2331
 1082
 6852
 649
 -5799
 3575
 6707
 -3244
 -3470
 -788
 1836
 -1954
 -5014
 2955
 1259
 -6534
 927
 -1599
 2788
 -2833
 -5931
 -536
 -2351
 -7116
 -4772
 4944
 350
 -3235
 6479
 -4762
 7831
 -5366
 -5518
 2551
 3592
 7688
 -5898
 -1241
 5179
 4958
 -4471
 7265
 -7432
 -5213
 4639
 -7681
 7197
 -1305
 -1713
 6874
 4990
 -6055
 7470
 -1053
 4599
 -7685
 3225
 4786
 3413
 6246
 -1331
 4571
 4483
 -1028
 -2796
 -3133
 197
 2227
 2447
 5048
 -4336
 -3124
 760
 882
 782
 -208
 -360
 -5682
 -1171
 1347
 -3471
 -6963
 -461
 -5300
 2436
 4401
 -2636
 1570
 -4995
 -2137
 6067
 2768
 -4873
 2092
 -2896
 -3601
 1344
 -4493
 7983
 279
 -3606
 2122
 4559
 17
 4080
 6343
 7917
 603
 -1413
 5843
 7040
 4881
 -6275
 920
 -2454
 -4697
 -5376
 -405
 -5909
 678
 4957
 -4256
 6877
 -4959
 -6224
 5604
 2449
 -7993
 -5679
 -2436
 5317
 6450
 -1798
 -2941
 -310
 -7266
 -1456
 -5663
 -6869
 6348
 317
 -947
 -6042
 -6795
 -6068
 7798
 2476
 -6706
 -2328
 -4858
 -7297
 7124
 6660
 -5101
 -4570
 5295
 534
 -5020
 3849
 -7836
 1968
 1804
 -648
 6204
 5755
 -4712
 6390
 7098
 4416
 6286
 -288
 -602
 -390
 -81
 1370
 -6732
 7182
 -5653
 6081
 1396
 -1170
 -2628
 -5050
 2524
 -152
 -5380
 -3310
 7562
 3415
 -2737
 -1762
 495
 4290
 7759
 -4401
 560
 -5313
 1335
 -4505
 -2034
 -5012
 -2710
 -3424
 -242
 -752
 1460
 1962
 1864
 1343
 1657
 -33
 1089
 2124
 -7042
 -4681
 -4744
 -6465
 2052
 6607
 -5569
 -6818
 -2359
 -4686
 -5123
 4495
 4273
 -401
 -932
 -2659
 -1584
 4106
 2765
 1695
 6129
 3974
 -3975
 -6882
 6995
 2540
 4531
 -5698
 6144
 7637
 -5016
 4873
 3882
 7979
 2240
 -4356
 1155
 5598
 6753
 -2653
 -5343
 -3829
 2130
 -2631
 -956
 4255
 -2511
 -3780
 -308
 9
 -2056
 6804
 434
 5601
 6969
 1284
 -1660
 3492
 -1467
 7501
 6541
 5293
 -2671
 -6104
 4099
 -3001
 6355
 -1006
 -7655
 -5094
 -3720
 1630
 -7894
 -4292
 -5971
 1165
 -1108
 2136
 -4595
 962
 -5644
 -6232
 -2164
 -6490
 3758
 3025
 2649
 -3082
 -1486
 -1034
 -7246
 3404
 -871
 7611
 2719
 -649
 5326
 5133
 -7767
 -395
 -3549
 3684
 -1657
 -188
 5817
 2377
 -1136
 -2622
 -7567
 7281
 -6958
 3765
 -2298
 -473
 -1875
 -42
 -3237
 -4261
 -5480
 -5955
 -1699
 4615
 -8
 4108
 5189
 -2524
 5114
 -3293
 -471
 2778
 6625
 -3506
 5746
 -7600
 -4955
 -5363
 -4212
 -4299
 -2761
 310
 -2219
 6087
 -6761
 -3150
 4427
 -2267
 -4106
 264
 -3977
 2595
 4434
 -4392
 4653
 4409
 -7734
 3930
 7110
 1544
 -668
 -930
 4138
 -1557
 -532
 -6467
 1455
 -59
 1914
 -516
 2619
 -3178
 5546
 -5876
 -2996
 -3131
 7111
 4681
 4869
 -5650
 7317
 3876
 896
 5160
 -5383
 -3768
 2752
 2673
 4888
 1225
 1659
 -3454
 -1476
 190
 -2235
 3834
 -2831
 7005
 -919
 -418
 3173
 -7422
 -5006
 -7907
 -3053
 6507
 512
 3552
 -3020
 -5118
 -6270
 2365
 4925
 -7013
 474
 2579
 -1244
 4393
 -2404
 -428
 -1507
 3741
 -7490
 3939
 -4988
 7282
 7546
 -7302
 -3744
 -5299
 -7352
 5899
 -3902
 3949
 -4192
 -284
 5831
 4477
 5452
 6959
 4280
 4840
 2550
 -2049
 -2735
 7213
 5694
 -893
 -5
 871
 2714
 -6110
 -6002
 412
 4219
 1058
 5238
 -6811
 5639
 2638
 7644
 -7781
 6098
 7103
 -3985
 -5710
 -3792
 1049
 -5751
 3286
 4062
 5163
 7327
 -2684
 3497
 849
 -2967
 2974
 3202
 1489
 5180
 6936
 -5889
 -4281
 -5712
 3926
 3506
 -7984
 -7080
 4667
 -1833
 2651
 -2536
 -1350
 -6975
 -5490
 -7789
 -6641
 7051
 -1838
 -3144
 5975
 -5775
 -2060
 2654
 -6400
 -2931
