 6366
 -2447
 3387
 -1705
 5825
 -623
 2403
 1252
 771
 -7522
 5786
 -7511
 525
 4692
 6629
 2680
 6088
 -4298
 -2745
 -4938
 -4844
 2611
 5410
 679
 -6388
 7919
 -1457
 1138
 -1774
 -371
 3873
 5707
 4398
 4993
 -2978
 -7560
 -1434
 -3961
 -4339
 7493
 2840
 1206
 -4077
 937
 -6800
 3401
 -5597
 -7165
 3222
 3760
 3772
 -4267
 3596
 -6566
 5976
 -3495
 68
 7741
 7141
 5960
 5792
 2600
 -3991
 391
 6628
 3589
 -3460
 6745
 -735
 6527
 -1912
 -7545
 -1051
 -7509
 5428
 5839
 466
 -2423
 -805
 -821
 1532
 -7452
 -2936
 4097
 -6728
 1417
 -6767
 714
 -4330
 -5385
 6800
 6894
 -2764
 4335
 -5277
 -7190
 -7357
 7495
 2663
 598
 -4321
 2753
 4713
 -376
 -7299
 5862
 -6547
 -3877
 3897
 3317
 4013
 -7696
 -3474
 3987
 -6649
 -3597
 -1324
 -4221
 2977
 913
 5933
 4198
 4322
 6313
 6253
 7190
 -7046
 -257
 -2287
 -3888
 -6346
 5134
 6900
 6021
 -6014
 417
 -3845
 -7260
 -5324
 -1857
 1598
 7709
 -7072
 6842
 5632
 -3733
 400
 2488
 102
 -7489
 -2502
 4045
 -4235
 3819
 -3750
 6557
 -7704
 -2572
 4348
 -1642
 -4719
 -6915
 2222
 7762
 -3681
 2245
 -5337
 -7070
 3757
 -5186
 1112
 -4765
 3715
 7131
 -606
 3683
 -6714
 1536
 4294
 -7682
 2007
 6395
 -225
 -3181
 -1158
 6228
 -1603
 2142
 1621
 7319
 5463
 1981
 -4474
 -6578
 -3619
 1724
 -2392
 5713
 -7374
 -1517
 670
 -4031
 -1888
 -5318
 -76
 7693
 278
 4414
 -2683
 -6781
 6277
 -6352
 -822
 6857
 -6806
 3761
 -1049
 7537
 3
 3892
 -2721
 -2762
 6189
 -7159
 1302
 -172
 -3777
 157
 1320
 834
 -7420
 1635
 4930
 -2849
 -6482
 374
 7336
 1362
 3742
 7166
 4527
 -1477
 -5409
 -7806
 1372
 -7446
 -6871
 610
 2522
 -6001
 -3760
 -4693
 -2858
 6921
 3983
 6202
 -2076
 -5717
 5945
 6428
 6535
 -2095
 -1246
 -7167
 -1795
 -7901
 5539
 858
 6556
 -5996
 7606
 1493
 3513
 1647
 3069
 -2384
 6796
 -1282
 -3730
 7438
 -7822
 7326
 7381
 -7762
 6731
 -4704
 6064
 1459
 2580
 5682
 -4034
 -6832
 -5580
 -6310
 6406
 5416
 4555
 -6235
 -6628
 3473
 1400
 953
 -1323
 -7794
 1383
 4738
 -6018
 645
 3984
 -7257
 2898
 -3423
 -4337
 -597
 -95
 5832
 6230
 3807
 7678
 -4319
 2953
 -3917
 4754
 7663
 1447
 2743
 5036
 4882
 7552
 4381
 6807
 3836
 1539
 -5713
 -3581
 6554
 -498
 -1974
 -4015
 4928
 -2280
 2116
 -4800
 1217
 -1591
 -7673
 -7611
 2408
 -6746
 230
 -2902
 -6148
 -6135
 -4935
 -6613
 -7592
 -2638
 7295
 2687
 -3539
 1272
 2097
 -2634
 -727
 3153
 -6295
 2325
 30
 4144
 -2145
 -2912
 -7735
 5225
 7601
 4806
 -6368
 5432
 2418
 -723
 3797
 2400
 4857
 -3546
 7649
 -2857
 -3805
 -7418
 -4490
 3370
 -194
 -5216
 1559
 2527
 -1858
 -2308
 -3255
 2183
 -5603
 -3543
 3975
 5331
 1142
 6155
 -3077
 -7879
 -414
 -4953
 204
 7136
 5646
 7755
 -1397
 -2577
 -254
 3004
 338
 4631
 1186
 6624
 3801
 -6487
 790
 -431
 -2993
 -7882
 -3074
 -512
 1896
 -1040
 1768
 1819
 -1723
 3705
 -1545
 -4915
 2552
 3700
 -583
 -6115
 4396
 5765
 -2061
 2486
 7298
 4444
 1130
 2623
 -6074
 -7315
 -3402
 -1392
 -4389
 -3613
 7082
 -6172
 -722
 3938
 3426
 -6211
 2004
 6977
 2359
 -1279
 -6737
 7208
 -6694
 4417
 3936
 4983
 -5201
 -5758
 1398
 259
 2424
 -7137
 982
 6330
 -48
 -807
 -2997
 6909
 -6409
 4174
 -1393
 6243
 -82
 6255
 -6650
 5182
 386
 6073
 -7288
 7598
 1270
 -1259
 -328
 6610
 -6592
 5176
 3074
 7214
 3048
 -1031
 5627
 3479
 7863
 -6154
 6907
 -2146
 -874
 -1351
 -5623
 4331
 -3245
 3428
 -3911
 -7585
 -7263
 -913
 -306
 3321
 3880
 5838
 6737
 658
 -3042
 -4386
 4121
 -2643
 4397
 -5358
 710
 -6027
 6728
 -6794
 2340
 7731
 2502
 -925
 -353
 -7817
 7779
 -1841
 4969
 2363
 -4110
 -6619
 -6375
 4448
 3272
 7367
 -7443
 -3225
 -6952
 -7598
 -3339
 -7492
 -5954
 1331
 -743
 651
 -121
 -6959
 -6011
 -4759
 -5979
 3260
 175
 3036
 1296
 7373
 -4928
 -1606
 7704
 6285
 -416
 -2127
 -3550
 -1500
 -3672
 6323
 1093
 5073
 2518
 -1915
 -3594
 6668
 1135
 -1007
 2655
 6997
 -7741
 6994
 6231
 3838
 -4612
 430
 6465
 6176
 5957
 2870
 -7169
 -2837
 -6690
 6974
 -501
 -2567
 -7425
 5617
 -3217
 -7921
 3178
 5630
 1348
 5269
 -4019
 -451
 -2862
 -6584
 5521
 -3281
 -6965
 -3967
 -9
 -2780
 -2255
 -4506
 -6450
 4575
 -3859
 2727
 6457
 -6931
 4781
 3418
 1313
 7780
 5888
 3891
 5890
 -1249
 -3200
 5350
 7895
 7379
 -3637
 5940
 5918
 3844
 -7756
 -7038
 -3498
 6014
 -6938
 4139
 6841
 775
 -906
 -1217
 -2701
 5501
 6726
 1672
 -5115
 -7146
 -357
 -5902
 7487
 -280
 4325
 3338
 4525
 -2848
 -3779
 5571
 -985
 -5010
 -6647
 4436
 -7360
 126
 901
 5154
 -5219
 7543
 -3368
 3691
 6835
 4750
 7421
 -4449
 3989
 -6981
 6411
 -5356
 7674
 5579
 7819
 -3243
 2618
 1573
 -7236
 -2155
 -2868
 3990
 4073
 7726
 7272
 -5252
 3702
 6609
 5275
 -4960
 -2211
 -2623
 -6286
 -4068
 5403
 2678
 -4487
 -5204
 -6425
 -3955
 6819
 514
 3179
 3649
 -3656
 -5943
 638
 1932
 -789
 -2025
 -6362
 -5131
 -2669
 -3578
 1838
 -761
 -6780
 -3395
 -728
 -3577
 2135
 5300
 -1402
 -1722
 -1254
 5441
 697
 4460
 -5846
 -3881
 4976
 5382
 -5859
 -2223
 -2041
 3583
 -1187
 -2355
 -746
 -4746
 -6827
 -7316
 29
 -5194
 2396
 -5388
 -2332
 -47
 -3431
 5404
 -5333
 806
 -3540
 904
 3137
 -4651
 -3651
 -7875
 5219
 -3719
 642
 -2238
 4773
 6618
 -6657
 1001
 5166
 528
 -3821
 -1439
 576
 -882
 -2003
 -3155
 4690
 -5701
 2981
 5829
 6772
 6409
 761
 -7331
 6212
 -192
 -6822
 -7186
 -2189
 -2554
 1482
 -2767
 -7202
 5028
 -5156
 -6015
 -1404
 -6758
 1963
 -2323
 5394
 -3396
 -2160
 -1661
 3484
 -1562
 7439
 -3636
 -5681
 7123
 1227
 -165
 -323
 1524
 3252
 62
 -1952
 -4774
 2659
 -7021
 -5484
 1326
 -5130
 57
 -6979
 2599
 -5521
 6824
 3120
 393
 -5263
 5658
 980
 4111
 -1814
 6173
 1938
 4720
 -2587
 1333
 -6623
 5419
 442
 5691
 7937
 -3706
 -1609
 7144
 -5240
 500
 6023
 6988
 60
 4952
 -7928
 -696
 -2558
 4810
 -692
 -5429
 707
 -4443
 7890
 3920
 3198
 1265
 -2988
 -5187
 5396
 -6546
 -3675
 387
 -433
 372
 731
 -6934
 -6073
 -3153
 3875
 53
 -2225
 -2030
 6721
 1964
 -4302
 7294
 1104
 4394
 -875
 -4167
 -876
 -4147
 -5595
 -6308
 -3752
 6434
 1325
 3015
 -7192
 -7622
 4632
 3833
 -6512
 4258
 -4569
 -7899
 4977
 6346
 3963
 -1587
 -3501
 -2159
 4658
 2
 -3990
 -1346
 5681
 -5341
 -6199
 1500
 1207
 6344
 246
 7716
 -391
 -7516
 3921
 -3032
 3734
 -3921
 4247
 -3573
 2926
 2044
 925
 -3956
 -4923
 -2569
 5365
 -5951
 -80
 -7407
 -633
 7667
 -4776
 -5493
 3980
 4592
 -1877
 -3413
 3773
 -5254
 7162
 5515
 -5431
 5555
 -1362
 2155
 4623
 -5161
 -2870
 4301
 4278
 -6847
 7640
 970
 5498
 -3566
 -5052
 7931
 5966
 -6799
 3339
 7650
 -3554
 3972
 36
 -2714
 1894
 -7936
 4438
 -5854
 -6643
 -681
 -6528
 6562
 -5814
 222
 2474
 -4972
 7415
 -6921
 614
 -1312
 1892
 -5643
 7689
 -6985
 813
 467
 -2925
 2378
 -1992
 2816
 -6188
 6463
 4032
 7199
 6216
 4169
 4660
 -5000
 5793
 -2450
 -1433
 5115
 4573
 4424
 -4925
 3721
 6758
 -1395
 5910
 1183
 7899
 4352
 -3530
 6530
 -4066
 1824
 -5662
 7301
 5271
 2564
 2820
 -592
 2948
 -994
 -1989
 5237
 6602
 5827
 -7698
 6511
 4851
 39
 -1363
 5503
 -6792
 -1250
 4339
 136
 4600
 3843
 3383
 2519
 -2722
 -5765
 4320
 6651
 -4425
 -888
 1143
 -1508
 -6261
 -642
 1461
 -5945
 -2417
 -1113
 5254
 -290
 -7942
 -5894
 -2793
 1212
 -6084
 2903
 4574
 5559
 3175
 7095
 -2407
 2048
 -6285
 3468
 -817
 -4119
 -7950
 -4588
 1851
 -1394
 -5883
 5272
 7809
 -2343
 3133
 -640
 5469
 -2521
 -5169
 -5860
 7130
 -2783
 -3694
 5398
 7940
 -7965
 885
 -3372
 1858
 4470
 -3204
 7322
 7324
 -2893
 6741
 -6810
 1868
 -5806
 -1196
 732
 -7122
 -7507
 -2935
 -6573
 5492
 5171
 -2816
 -6770
 447
 5942
 5369
 -2773
 69
 -7408
 3011
 -6838
 -2415
 -5531
 -2337
 -6988
 -6471
 -3459
 581
 4266
 -4250
 3958
 -1102
 -2250
 6304
 -216
 -4174
 -228
 3598
 1847
 -7479
 -1646
 -3099
 2211
 289
 3821
 7564
 1527
 -6532
 6352
 3954
 -2218
 -7740
 -6944
 7889
 -1728
 -4230
 5175
 4532
 207
 -2736
 -6673
 -1930
 6717
 7953
 -6713
 -5837
 6215
 3900
 -1237
 -3960
 772
 1409
 -4202
 -6175
 -3251
 5245
 5528
 1771
 4973
 -4872
 -338
 -1484
 -6946
 7240
 -2123
 -5454
 -7866
 -6201
 -852
 -1792
 -2243
 -2779
 -7838
 7401
 -6564
 1877
 -791
 2068
 -4558
 -7969
 -3863
 -2496
 2755
 7994
 5131
 -2293
 696
 2871
 -553
 -2141
 -5026
 6862
 6278
 2297
 6553
 1471
 3815
 -3788
 1966
 -238
 -3111
 7609
 6594
 -1454
 -4137
 -5967
 -2824
 -4640
 4344
 6885
 -1290
 5197
 4778
 -5699
 -3145
 1643
 -2097
 -1726
 -4548
 -7800
 2468
 7858
 -2675
 7073
 3902
 -7106
 -1355
 -3313
 5752
 529
 5610
 -7944
 5673
 -6265
 2091
 -4684
 1402
 -4375
 -1821
 -6130
 -3717
 -7433
 1394
 132
 -1686
 7514
 5740
 -5963
 -2010
 -1842
 3846
 3606
 7468
 -271
 -3010
 7338
 -6896
 2951
 -2093
 4404
 -7045
 7860
 6265
 -44
 -4977
 -1068
 383
 1580
 3764
 -2969
 -6844
 -4161
 763
 -7676
 4227
 -2707
 -7071
 4083
 1710
 -7344
 -824
 1300
 -7633
 -3735
 5
 -7100
 -3403
 -3787
 -5113
 4262
 2972
 -2934
 -971
 6402
 -7262
 -1162
 -6213
 -1978
 -5017
 -7343
 -601
 6784
 922
 -6225
 3943
 -4213
 7897
 -425
 -6828
 -2038
 -3855
 -5317
 -7975
 -319
 -7810
 4243
 683
 -5932
 -2699
 -7414
 1048
 6128
 4675
 1705
 694
 -3016
 -2336
 -4768
 -7412
 7525
 -7346
 -4329
 2532
 4933
 -5139
 -4381
 5757
 7029
 -3817
 52
 -5757
 4791
 2241
 -7587
 3190
 568
 -6633
 5135
 -4013
 5981
 -1276
 -5529
 652
 2573
 1289
 -518
 -3214
 -6824
 6232
 2173
 1848
 212
 -2687
 7184
 -4812
 -1339
 7216
 -3984
 -4029
 730
 493
 5490
 -3814
 6592
 -1278
 -2018
 6099
 -600
 -2106
 2417
 -792
 -5627
 2853
 3446
 6929
 7804
 -1995
 5075
 -730
 7615
 -7355
 7091
 -481
 -3050
 276
 -5830
 4375
 4962
 776
 -2757
 -1094
 2628
 2920
 -1197
 -5826
 3798
 7776
 3105
 -3123
 -6109
 6464
 2008
 5246
 2326
 3676
 -5781
 -2723
 -3569
 -409
 2909
 3232
 -3534
 2533
 -1775
 -1004
 3533
 -6498
 -1738
 2147
 -1182
 791
 -7551
 -1647
 1160
 4068
 -673
 2710
 -7506
 -3201
 4502
 -5271
 -1965
 -7751
 15
 5711
 -5242
 -3219
 4837
 -907
 2846
 6897
 7962
 7655
 -7876
 5811
 3323
 -7455
 319
 5783
 3627
 -1172
 5903
 -2749
 -7111
 5471
 -6282
 3804
 6750
 6362
 6022
 3515
 6786
 7299
 7122
 448
 5866
 -1017
 7838
 -3812
 6084
 -4778
 6986
 -1319
 2055
 -6637
 -4229
 -185
 5384
 7498
 -1207
 961
 -7885
 2637
 5023
 -7869
 -7593
 -1746
 4609
 -1000
 3626
 -3858
 6579
 145
 18
 -3934
 3526
 -3270
 -6645
 -2929
 1384
 -3635
 -5345
 6026
 -7520
 -4537
 1404
 6320
 5478
 3670
 3655
 3330
 -7820
 1653
 -1556
 4570
 -5124
 7230
 5536
 -4272
 38
 5389
 -4328
 4093
 5450
 -645
 285
 -7553
 3410
 7202
 -3193
 -7927
 -4201
 5924
 -1255
 -1461
 -3922
 4088
 -3885
 7259
 -4100
 -1788
 -4930
 -2042
 -1836
 -7327
 -6461
 -4937
 1127
 1941
 3282
 -4846
 4189
 3467
 5722
 7573
 5164
 -810
 -3645
 5766
 6611
 -7010
 4314
 -2228
 6702
 7014
 1363
 6324
 918
 -7268
 5595
 2805
 -5129
 565
 3771
 -2167
 -1269
 -2191
 2440
 440
 4049
 -7892
 1618
 4071
 2029
 -7578
 1743
 -2584
 1594
 1110
 2747
 5895
 6455
 -754
 -37
 41
 -2443
 -4779
 -1134
 3392
 7600
 -419
 1099
 4572
 -4731
 1734
 5510
 -6736
 -813
 3940
 6876
 -1361
 4471
 45
 -1379
 -3047
 3779
 96
 6812
 5889
 -5002
 5744
 5024
 -3571
 6771
 5291
 4271
 6322
 -3337
 726
 6621
 -3533
 3434
 -2070
 -1495
 6072
 -5122
 -7787
 -5780
 -4517
 3408
 6003
 571
 -2804
 4820
 -3180
 -4274
 7104
 -6588
 -4673
 -6021
 579
 6345
 1118
 2883
 2288
 -614
 3465
 -4112
 4584
 -5325
 2509
 4877
 -6698
 113
 -963
 -110
 -748
 7898
 7059
 7746
 -1277
 -6863
 -2395
 -6618
 6902
 4706
 -4828
 -7373
 7865
 1861
 5523
 -7376
 4802
 -5927
 -7832
 3810
 -245
 7526
 2032
 -224
 -289
 -1117
 -3714
 -7366
 -2986
 7196
 6494
 4283
 -7033
 -4863
 -2143
 -6150
 -4927
 -2216
 4423
 238
 1849
 6401
 -7194
 -7314
 -1405
 6171
 4123
 -5303
 -1880
 -5266
 -6993
 3828
 -959
 125
 -4623
 469
 5781
 -2341
 6830
 353
 -6296
 1201
 1778
 2469
 -6024
 7990
 -3691
 748
 -3957
 1677
 7808
 6992
 -1913
 4715
 -3364
 -7628
 -1200
 -2920
 108
 6802
 -4186
 2485
 3839
 -547
 7206
 7081
 1936
 -2601
 -1727
 -7510
 3679
 -4458
 -4409
 -3142
 341
 478
 519
 -2517
 -4436
 3172
 5771
 3171
 7033
 -4479
 1971
 -5315
 1260
 -7557
 -5867
 -1966
 1809
 -1210
 1872
 -6726
 -2526
 -5054
 267
 1785
 -7946
 5145
 -6039
 -200
 1686
 999
 3809
 648
 -66
 -1934
 6588
 -3713
 -429
 -2429
 -6267
 -6886
 -5579
 -1949
 -4817
 864
 -5901
 1105
 6587
 -4051
 -7289
 966
 4329
 2517
 -6051
 -3588
 1818
 5901
 286
 -5329
 -4917
 6793
 -4424
 3661
 -6943
 -7607
 -7583
 -83
 891
 316
 -3028
 -120
 -2975
 449
 2745
 -664
 -825
 1101
 5127
 -2444
 4998
 -267
 1814
 -75
 3000
 -4318
 6374
 4700
 964
 -6350
 -3127
 5499
 -7752
 -3759
 -5081
 -1632
 -2608
 -2253
 -4020
 -6372
 -4102
 -5743
 2357
 -396
 2484
 -41
 5529
 3736
 7877
 -1046
 -7497
 7150
 5894
 -6193
 4332
 7042
 -5812
 4955
 7783
 6208
 2962
 3522
 -2562
 4567
 -798
 6297
 -7152
 2467
 -6693
 407
 6756
 4593
 -136
 -3118
 7273
 -1558
 6443
 6122
 -7926
 -698
 -751
 7712
 -3357
 -5453
 148
 5548
 -1156
 -1154
 -7092
 -5256
 6134
 -2315
 2094
 1707
 7692
 7773
 -2446
 6335
 4608
 -1527
 -5285
 -6877
 6116
 4141
 -19
 5243
 7275
 -4251
 2411
 3482
 6854
 -3110
 6487
 -300
 7139
 7474
 821
 2207
 2384
 -1887
 2947
 -2500
 -2891
 -5448
 -5926
 -5181
 288
 -4845
 605
 -1744
 401
 2287
 673
 6069
 -5287
 -3282
 6917
 -3022
 3625
 6687
 7043
 3342
 1516
 -2984
 368
 -4056
 7823
 6863
 -631
 6555
 -315
 5143
 -1900
 7335
 -5278
 672
 7463
 6275
 -5275
 -520
 -691
 7541
 1729
 -6013
 -776
 2507
 2790
 5022
 -6129
 184
 -4491
 3127
 1156
 -3299
 -1318
 5816
 -2126
 327
 5067
 -1786
 2851
 1926
 942
 863
 4016
 -3122
 -2272
 -3170
 -5184
 -6102
 -3916
 1681
 6526
 -1680
 3570
 -5270
 -5607
 1267
 2429
 3783
 -5062
 4794
 -3211
 473
 1184
 -5637
 -6478
 -2285
 -7267
 5508
 -7335
 4644
 -2612
 -3602
 -5193
 -125
 4726
 -7203
 4922
 3593
 -931
 7163
 -6995
 -6125
 3340
 -4399
 -1654
 -904
 7333
 -542
 4450
 722
 2966
 -5477
 4876
 7285
 7491
 3216
 6808
 -4997
 435
 7582
 -2797
 -4990
 98
 -1338
 1465
 612
 -3690
 395
 -4002
 -831
 -1057
 -5462
 -7596
 1988
 2086
 -5197
 -2836
 220
 2514
 2807
 5170
 464
 -7845
 546
 -4722
 284
 4390
 -560
 4752
 -7821
 -2381
 5875
 6951
 -1589
 -6359
 -670
 1832
 -2305
 -2215
 -256
 -4793
 -5239
 -3137
 1
 -331
 -4165
 -1745
 1596
 -6702
 -7549
 -3753
 6351
 7588
 3147
 7844
 1016
 -5394
 2021
 7068
 -89
 -2681
 5104
 -2560
 -3458
 -2260
 -6759
 6490
 -2046
 -3669
 -4489
 5759
 -2414
 -2487
 -5495
 2115
 -5626
 -7051
 3808
 5479
 -5042
 -5539
 -2680
 6083
 7902
 -3515
 6139
 -4796
 -2147
 -1374
 -1803
 12
 -2489
 1215
 -1430
 1366
 7348
 4
 379
 -2086
 -4984
 5027
 -2957
 2958
 -240
 5487
 7869
 7147
 -7234
 6205
 -6581
 -6257
 1096
 -1227
 4355
 -4404
 -4052
 -6526
 -4970
 5917
 -2819
 93
 -5735
 -5861
 -7415
 -3599
 -102
 -5564
 -6427
 7060
 -2310
 1003
 -294
 735
 -7417
 -6058
 -6601
 3495
 -3819
 -2316
 -7967
 -1899
 -5992
 6241
 1353
 3270
 5152
 1572
 -2082
 -857
 -1669
 -4041
 4191
 -6380
 -7454
 -4204
 -2205
 -6873
 -7808
 -3912
 -1523
 64
 1671
 6851
 7046
 -6973
 -6126
 -2187
 6916
 7604
 -5796
 -7873
 -3331
 -1710
 -929
 4712
 3915
 -3754
 -6911
 -5272
 -3843
 1603
 -568
 -4571
 461
 2744
 -2045
 -5941
 7753
 -1251
 78
 -1580
 4839
 -3699
 1827
 5653
 -2697
 -1883
 -4055
 -2170
 7457
 4546
 -7908
 -6340
 7982
 7981
 87
 333
 -979
 2792
 -7826
 4267
 482
 3298
 1521
 4449
 6681
 -5128
 3156
 -5738
 -3500
 -7554
 2723
 6321
 -3341
 2333
 5296
 262
 -4011
 5835
 3063
 1816
 3496
 -627
 7292
 -7537
 2420
 5774
 -4578
 1869
 -6342
 -6851
 -3538
 -1947
 6532
 -4428
 7246
 -3213
 -5505
 -7963
 4282
 -7865
 -6820
 -3568
 4461
 4412
 -5210
 4469
 5970
 7629
 -1265
 7346
 -724
 7200
 -4315
 1881
 -6381
 -1827
 7511
 -6060
 4143
 -551
 6043
 -2110
 5963
 54
 898
 3724
 -3798
 -5709
 3031
 -4567
 -5401
 5674
 -1581
 1940
 7881
 2829
 -5989
 3098
 -1222
 4124
 1929
 2212
 2983
 90
 5040
 3258
 7203
 5953
 -456
 3256
 -3725
 127
 -3925
 7250
 -7040
 -593
 6078
 3299
 4760
 -342
 -2616
 2834
 -7505
 7020
 1487
 -248
 -1378
 7944
 3550
 -4898
 2314
 5633
 928
 7264
 3373
 -4788
 636
 -3796
 -5745
 1984
 7483
 4057
 2647
 4979
 -3318
 3507
 -4743
 6655
 6112
 3388
 -3769
 -4627
 7571
 158
 335
 1484
 1007
 -7979
 4831
 5120
 -1852
 -6202
 -427
 2331
 1082
 6852
 649
 -5799
 3575
 6707
 -3244
 -3470
 -788
 1836
 -1954
 -5014
 2955
 1259
 -6534
 927
 -1599
 2788
 -2833
 -5931
 -536
 -2351
 -7116
 -4772
 4944
 350
 -3235
 6479
 -4762
 7831
 -5366
 -5518
 2551
 3592
 7688
 -5898
 -1241
 5179
 4958
 -4471
 7265
 -7432
 -5213
 4639
 -7681
 7197
 -1305
 -1713
 6874
 4990
 -6055
 7470
 -1053
 4599
 -7685
 3225
 4786
 3413
 6246
 -1331
 4571
 4483
 -1028
 -2796
 -3133
 197
 2227
 2447
 5048
 -4336
 -3124
 760
 882
 782
 -208
 -360
 -5682
 -1171
 1347
 -3471
 -6963
 -461
 -5300
 2436
 4401
 -2636
 1570
 -4995
 -2137
 6067
 2768
 -4873
 2092
 -2896
 -3601
 1344
 -4493
 7983
 279
 -3606
 2122
 4559
 17
 4080
 6343
 7917
 603
 -1413
 5843
 7040
 4881
 -6275
 920
 -2454
 -4697
 -5376
 -405
 -5909
 678
 4957
 -4256
 6877
 -4959
 -6224
 5604
 2449
 -7993
 -5679
 -2436
 5317
 6450
 -1798
 -2941
 -310
 -7266
 -1456
 -5663
 -6869
 6348
 317
 -947
 -6042
 -6795
 -6068
 7798
 2476
 -6706
 -2328
 -4858
 -7297
 7124
 6660
 -5101
 -4570
 5295
 534
 -5020
 3849
 -7836
 1968
 1804
 -648
 6204
 5755
 -4712
 6390
 7098
 4416
 6286
 -288
 -602
 -390
 -81
 1370
 -6732
 7182
 -5653
 6081
 1396
 -1170
 -2628
 -5050
 2524
 -152
 -5380
 -3310
 7562
 3415
 -2737
 -1762
 495
 4290
 7759
 -4401
 560
 -5313
 1335
 -4505
 -2034
 -5012
 -2710
 -3424
 -242
 -752
 1460
 1962
 1864
 1343
 1657
 -33
 1089
 2124
 -7042
 -4681
 -4744
 -6465
 2052
 6607
 -5569
 -6818
 -2359
 -4686
 -5123
 4495
 4273
 -401
 -932
 -2659
 -1584
 4106
 2765
 1695
 6129
 3974
 -3975
 -6882
 6995
 2540
 4531
 -5698
 6144
 7637
 -5016
 4873
 3882
 7979
 2240
 -4356
 1155
 5598
 6753
 -2653
 -5343
 -3829
 2130
 -2631
 -956
 4255
 -2511
 -3780
 -308
 9
 -2056
 6804
 434
 5601
 6969
 1284
 -1660
 3492
 -1467
 7501
 6541
 5293
 -2671
 -6104
 4099
 -3001
 6355
 -1006
 -7655
 -5094
 -3720
 1630
 -7894
 -4292
 -5971
 1165
 -1108
 2136
 -4595
 962
 -5644
 -6232
 -2164
 -6490
 3758
 3025
 2649
 -3082
 -1486
 -1034
 -7246
 3404
 -871
 7611
 2719
 -649
 5326
 5133
 -7767
 -395
 -3549
 3684
 -1657
 -188
 5817
 2377
 -1136
 -2622
 -7567
 7281
 -6958
 3765
 -2298
 -473
 -1875
 -42
 -3237
 -4261
 -5480
 -5955
 -1699
 4615
 -8
 4108
 5189
 -2524
 5114
 -3293
 -471
 2778
 6625
 -3506
 5746
 -7600
 -4955
 -5363
 -4212
 -4299
 -2761
 310
 -2219
 6087
 -6761
 -3150
 4427
 -2267
 -4106
 264
 -3977
 2595
 4434
 -4392
 4653
 4409
 -7734
 3930
 7110
 1544
 -668
 -930
 4138
 -1557
 -532
 -6467
 1455
 -59
 1914
 -516
 2619
 -3178
 5546
 -5876
 -2996
 -3131
 7111
 4681
 4869
 -5650
 7317
 3876
 896
 5160
 -5383
 -3768
 2752
 2673
 4888
 1225
 1659
 -3454
 -1476
 190
 -2235
 3834
 -2831
 7005
 -919
 -418
 3173
 -7422
 -5006
 -7907
 -3053
 6507
 512
 3552
 -3020
 -5118
 -6270
 2365
 4925
 -7013
 474
 2579
 -1244
 4393
 -2404
 -428
 -1507
 3741
 -7490
 3939
 -4988
 7282
 7546
 -7302
 -3744
 -5299
 -7352
 5899
 -3902
 3949
 -4192
 -284
 5831
 4477
 5452
 6959
 4280
 4840
 2550
 -2049
 -2735
 7213
 5694
 -893
 -5
 871
 2714
 -6110
 -6002
 412
 4219
 1058
 5238
 -6811
 5639
 2638
 7644
 -7781
 6098
 7103
 -3985
 -5710
 -3792
 1049
 -5751
 3286
 4062
 5163
 7327
 -2684
 3497
 849
 -2967
 2974
 3202
 1489
 5180
 6936
 -5889
 -4281
 -5712
 3926
 3506
 -7984
 -7080
 4667
 -1833
 2651
 -2536
 -1350
 -6975
 -5490
 -7789
 -6641
 7051
 -1838
 -3144
 5975
 -5775
 -2060
 2654
 -6400
 -2931
 -3559
 -3587
 7115
 7714
 1280
 -898
 -5530
 6641
 5407
 827
 1008
 4345
 -2200
 -6612
 1728
 6270
 703
 -178
 -443
 5506
 1503
 5664
 -7922
 -3731
 -2829
 -2962
 4785
 -5049
 5853
 2701
 1721
 -7027
 -2559
 -6491
 5554
 6392
 -455
 -2412
 4158
 176
 1586
 665
 -2607
 -4143
 -4109
 -1578
 -3525
 -97
 -3107
 7113
 -3626
 4067
 -3590
 -348
 5153
 -243
 3856
 -3023
 -5209
 -1853
 -4226
 -6841
 -5310
 6349
 5239
 5708
 -3078
 -4753
 675
 7116
 6829
 4369
 3874
 2698
 -52
 2038
 800
 -6748
 -3190
 -4462
 323
 655
 7751
 3733
 -3316
 2373
 6544
 5500
 -3411
 5729
 -5695
 -5224
 6640
 4699
 3594
 2177
 -6511
 -945
 -6894
 7058
 -1701
 7913
 7320
 5849
 -2859
 2919
 6773
 2399
 396
 -1695
 1097
 7522
 -4412
 3356
 -3419
 7143
 3830
 6372
 3532
 4499
 6174
 5727
 1087
 4199
 6159
 6948
 563
 -2320
 4185
 4204
 -2596
 -6951
 3280
 140
 465
 -7321
 -915
 2121
 4226
 -6823
 -7852
 6736
 -3641
 -7753
 -1565
 -7157
 4315
 -5044
 -3216
 6163
 2178
 5218
 -1465
 3759
 -7166
 2686
 7486
 -5855
 4040
 -5427
 6158
 3574
 1595
 -7212
 3327
 -3404
 4486
 634
 -1328
 2922
 -1501
 5990
 639
 -4932
 7173
 2643
 -3114
 6710
 -4441
 -6739
 -4551
 -6138
 7422
 779
 5788
 -6435
 -1142
 -2008
 3486
 209
 -4182
 -3741
 792
 1034
 3032
 5693
 4779
 -5100
 2689
 6418
 -4803
 1279
 2050
 -7645
 1627
 -6071
 -149
 -7117
 -1120
 4843
 7538
 5111
 110
 -151
 -2456
 7410
 7025
 -838
 -2620
 -4601
 6810
 -5562
 3085
 -844
 -7275
 -314
 -4781
 -5265
 3749
 -2518
 -832
 -2915
 611
 7048
 3517
 4824
 637
 6105
 -11
 4971
 -3435
 7696
 516
 -1629
 3118
 3400
 237
 -5665
 7594
 -5923
 -515
 7254
 2379
 -5524
 -6733
 5370
 6906
 -2976
 6904
 -1675
 -2063
 2724
 -6747
 2328
 5980
 7826
 2921
 -3135
 177
 5332
 -6543
 -3763
 -32
 6310
 -111
 -3233
 5958
 -517
 -1178
 4766
 5292
 7654
 -7274
 2336
 2156
 -6802
 4131
 -1689
 -3677
 -2017
 -2434
 2225
 -6139
 3219
 -1592
 -6541
 -3441
 -7029
 -7615
 -7586
 -672
 1132
 5516
 5599
 2311
 -5200
 -887
 -2376
 977
 3777
 -4561
 -1667
 7193
 344
 -6590
 3508
 4646
 -1022
 1837
 1612
 4497
 -1201
 -7056
 1639
 -5522
 477
 -3215
 -1329
 -1729
 -2333
 -4173
 2859
 -4833
 -2879
 487
 1993
 1525
 -6152
 -3084
 -7390
 380
 -7721
 -674
 -5938
 7510
 2779
 -1607
 6962
 4844
 -2389
 -4875
 1264
 6968
 -7597
 1690
 5540
 -7375
 2152
 -771
 587
 -4708
 -5057
 -4331
 -85
 7010
 -1069
 -5418
 4968
 7542
 3669
 874
 1597
 -7912
 3770
 -688
 1035
 4616
 -5948
 -1791
 1373
 -7310
 7589
 4581
 2368
 7084
 -5326
 -4133
 -5289
 -7330
 7464
 2670
 1125
 2219
 4547
 2578
 -1145
 4772
 -1573
 3391
 3158
 -3322
 398
 3016
 6858
 408
 -494
 7670
 3251
 7329
 -3873
 217
 -7486
 -5551
 5351
 -7066
 -4694
 7409
 5352
 7074
 5858
 2929
 -2614
 810
 1448
 -1202
 -4365
 -3965
 -4098
 -2830
 7736
 -381
 -3140
 -4463
 326
 5615
 -7634
 -4414
 3191
 -3398
 1368
 -7249
 -1349
 1037
 7676
 166
 2833
 -3913
 7879
 -7827
 7304
 7961
 6097
 -2282
 2182
 1918
 7908
 -6017
 6864
 -3113
 1642
 -6600
 -3982
 2789
 -253
 4035
 -5823
 343
 3414
 -829
 -343
 7664
 -3927
 4284
 6878
 -4089
 3180
 -7024
 1904
 -7305
 2067
 4118
 4923
 4718
 -7874
 -7081
 5391
 -6913
 2734
 2370
 4435
 -2624
 6061
 2811
 3042
 -4373
 -3736
 -7856
 7796
 -4560
 2720
 1699
 6697
 7687
 518
 2581
 1062
 -2490
 7671
 -508
 6152
 -2626
 1309
 -6750
 -847
 -2226
 -6691
 -5716
 71
 123
 -899
 2203
 4905
 280
 6315
 1772
 174
 -6034
 -5078
 7340
 470
 -7775
 -4127
 -2369
 -4508
 -6784
 859
 -6143
 3789
 -1809
 -1107
 -5730
 7555
 4606
 -1541
 -5862
 3544
 5618
 1100
 -3891
 -1122
 -1098
 6354
 -1458
 -1779
 664
 -719
 3923
 6143
 5865
 4597
 4595
 861
 3177
 4747
 5307
 -1986
 3018
 -7905
 -1372
 -7981
 -3567
 3372
 -841
 -7222
 -7142
 4945
 6701
 -4083
 1700
 2928
 -4180
 3751
 899
 -3066
 607
 5461
 4445
 5049
 7509
 -3664
 -4304
 3795
 2002
 2693
 4053
 3845
 -4270
 7584
 -721
 5357
 -1406
 6713
 -6234
 2195
 -2514
 -7724
 -5027
 3682
 -2299
 -7603
 4902
 -6082
 7912
 1111
 1980
 -6926
 -3054
 5481
 6499
 -4848
 438
 -4379
 -6783
 -3528
 -2477
 -4150
 6431
 -7229
 -6870
 -7543
 -3367
 -25
 5763
 -2210
 4662
 -1571
 -3795
 -4291
 7488
 -2640
 1425
 1077
 -373
 2685
 -222
 -7647
 -7471
 -5575
 2731
 -5041
 -1174
 4491
 3672
 7647
 6680
 -580
 -1733
 -5399
 502
 2941
 50
 -3969
 7242
 -5071
 5677
 7227
 -6439
 6235
 5553
 -6500
 -4734
 -415
 -6161
 5906
 -6195
 4512
 6970
 4192
 -2121
 936
 -7206
 -3340
 7151
 -3227
 -6328
 -7989
 -6626
 -5119
 -1610
 -3266
 -2716
 -6557
 -2128
 -4320
 4730
 -1802
 5106
 -6230
 4163
 -1862
 -4993
 2006
 -4782
 2406
 -1240
 1751
 5697
 -7481
 -1330
 -1546
 -5439
 2218
 -1505
 3586
 -4175
 -529
 -3166
 -6787
 -7986
 7002
 4160
 -5120
 -6363
 -1559
 629
 -3422
 -7786
 6540
 -2600
 2070
 4133
 7494
 -2023
 -3701
 251
 7822
 -5618
 -3968
 4885
 1840
 -3643
 -5614
 -5617
 3296
 -5029
 -578
 -3228
 7117
 7176
 1139
 -961
 5520
 -1914
 5605
 -595
 -7269
 2482
 -2548
 6370
 -511
 -4801
 2112
 6814
 2717
 7591
 804
 -7783
 -3345
 -2532
 4674
 -71
 -4184
 7813
 6193
 -6964
 -846
 7323
 -1097
 1969
 -6545
 561
 7475
 -4227
 3551
 306
 1205
 7592
 -6605
 5054
 4321
 -2078
 -96
 628
 1393
 1865
 3429
 2172
 7086
 -320
 -1957
 -1235
 -2555
 -4956
 7578
 -4014
 -5273
 5112
 7234
 1967
 -7949
 -3115
 -2712
 3969
 4275
 4539
 3538
 1946
 7906
 5666
 -3745
 -4966
 -6445
 -3813
 5409
 -5307
 3293
 -7458
 -5327
 -2461
 -699
 -4901
 -6398
 -5389
 -2400
 2760
 -1128
 5985
 3109
 156
 4341
 6528
 2118
 -4658
 -6428
 2131
 -1602
 -5276
 -3278
 6160
 6106
 6126
 -7062
 -7701
 -7399
 -183
 -3772
 6367
 2937
 3352
 315
 1462
 -3477
 7288
 -5183
 -4978
 -1822
 -2834
 -772
 162
 -4122
 -1194
 -2827
 -205
 4257
 5524
 -4577
 671
 3027
 -7250
 5007
 7977
 -4603
 2503
 -5144
 -5639
 2867
 4299
 122
 4513
 -5763
 1467
 4034
 5785
 3631
 2798
 -2905
 -4107
 -5715
 -2581
 -6043
 3636
 4894
 -2028
 1419
 -6349
 -4987
 -7431
 -6740
 7183
 -4523
 5011
 -7966
 -4889
 -1411
 -5918
 7003
 6563
 504
 7786
 -251
 -2821
 3242
 -4733
 -5370
 -7238
 3037
 7735
 2354
 2549
 -7830
 -6179
 -6289
 5968
 -3476
 -6070
 -5099
 -7284
 -5848
 -1741
 4415
 1472
 7608
 -2258
 4815
 -7232
 5082
 2602
 4096
 940
 2285
 -5910
 -4860
 5185
 4578
 5728
 7620
 -4357
 -3786
 1247
 6125
 -1553
 -5841
 -6304
 -4798
 5745
 -3988
 -7020
 7012
 7425
 6719
 -2551
 4480
 -2504
 -769
 1091
 365
 5344
 -1373
 887
 -347
 -2098
 -393
 6769
 -2876
 -7248
 3959
 -3158
 3746
 -6744
 5762
 3970
 99
 -1685
 -466
 -6237
 274
 -1748
 -2727
 254
 -6562
 5733
 6337
 -7746
 5789
 1515
 5946
 -7664
 2015
 -1011
 7057
 -5212
 -1902
 2471
 -394
 247
 -1942
 6576
 1401
 5280
 1038
 2784
 -5864
 3929
 -5664
 1588
 1191
 1970
 2819
 -344
 -6711
 5575
 3290
 3230
 6720
 3188
 1446
 -3484
 -2673
 7924
 -6548
 4634
 -4924
 6489
 2902
 3587
 -1935
 2923
 -1890
 3602
 3731
 -7133
 558
 -1926
 2259
 -4688
 2900
 1197
 4558
 2531
 1196
 3334
 3588
 -268
 -5858
 -558
 5402
 -1538
 -2583
 6580
 6508
 3904
 -4060
 -1638
 -7065
 5397
 -366
 6439
 3709
 1418
 3134
 -2672
 3455
 7359
 5870
 4216
 2239
 7174
 5381
 -7061
 -3903
 1919
 5965
 -7995
 -4435
 -4380
 5335
 -4827
 -7287
 4587
 -3624
 -4486
 -6889
 -4831
 4309
 72
 -2739
 -6303
 7274
 1371
 4406
 -2686
 -5773
 1119
 1317
 -4725
 -4260
 6135
 2176
 4982
 -4600
 -5831
 -3665
 -7919
 -345
 1786
 -2627
 -5025
 7287
 5719
 -5892
 -820
 6539
 1911
 2660
 6531
 6167
 5474
 7345
 -6724
 4543
 -2758
 -4576
 -6271
 5252
 3601
 -3086
 2526
 -4985
 -737
 6311
 2924
 -336
 7408
 656
 -7606
 1609
 -1512
 1550
 3200
 -7221
 -4308
 -5750
 7262
 -2806
 3519
 1033
 5195
 7969
 5971
 -5226
 -7078
 337
 2473
 -3247
 6306
 -5223
 4043
 5415
 -2670
 -4502
 -2573
 4872
 -182
 2434
 2342
 -940
 4777
 -534
 -2724
 -6773
 4997
 3735
 6868
 -1228
 1189
 6359
 -312
 -5813
 2636
 -7970
 6926
 -6968
 -3366
 -2353
 3571
 -38
 2237
 6046
 -1743
 1041
 -1175
 1248
 -6167
 6501
 2300
 2117
 5625
 -3520
 5967
 6347
 -891
 2298
 -644
 718
 7782
 -5077
 -2690
 3699
 -2327
 -158
 5497
 -5792
 -4905
 -4391
 -3557
 -6517
 -3790
 -5103
 -1056
 -5727
 -729
 -7726
 -6159
 6743
 -6049
 7648
 5455
 4337
 -7842
 7551
 6413
 -4837
 -7003
 -2462
 2040
 6823
 -2647
 -4784
 -3644
 -4176
 -116
 3883
 -1464
 -6558
 6927
 3035
 853
 814
 770
 -4815
 1109
 -2995
 4545
 -5652
 294
 -5142
 2003
 5542
 1470
 -5541
 7885
 1480
 6054
 -3785
 -6442
 -2088
 -5803
 3136
 1123
 6666
 3993
 3785
 -7197
 -4396
 3316
 7283
 404
 -7437
 -5906
 -7604
 -6239
 -6617
 -6377
 2944
 -5512
 2005
 1359
 -3541
 5569
 4420
 -5475
 1486
 -1897
 -3168
 -700
 5041
 -7997
 -1991
 -2942
 -4864
 3831
 1442
 5665
 1128
 -543
 2963
 6391
 -7017
 -2108
 115
 -4811
 -6765
 7651
 704
 -3915
 -2889
 5026
 6654
 -1739
 6738
 2504
 4474
 -4780
 -5127
 -786
 -2020
 -1613
 4870
 7382
 -1932
 -2
 3336
 -7605
 -363
 7441
 -7980
 -6518
 -2974
 -377
 1479
 139
 388
 -6808
 1403
 6047
 -1199
 -1184
 2699
 -5833
 -2525
 -4496
 1507
 -6920
 -6258
 472
 3978
 -2522
 -5248
 5926
 -1706
 5124
 2265
 3527
 3614
 4188
 2289
 -3324
 1568
 701
 -2148
 -3269
 -6276
 -2027
 -123
 -5064
 2444
 -1058
 2307
 3573
 -713
 2546
 -4583
 -7536
 6052
 -2593
 -457
 -902
 -4078
 -2973
 -3335
 260
 -5496
 -5384
 6468
 -897
 4950
 -7959
 3279
 3416
 6826
 -4621
 -701
 -6376
 2302
 -6660
 -88
 6012
 -6629
 1821
 2123
 -4248
 6627
 3981
 -6879
 7257
 -690
 1615
 445
 -7405
 4030
 7009
 1140
 2872
 681
 3274
 -4630
 -2770
 -2903
 -6866
 -1488
 -1015
 -6421
 3719
 -615
 -7383
 -3290
 -1790
 -5586
 -6567
 4084
 -4669
 -6411
 -4146
 -1668
 -2221
 -6236
 7532
 -5829
 -2356
 221
 -1958
 2381
 -1348
 -2342
 7194
 -784
 4500
 5476
 7427
 4432
 -6370
 -4852
 536
 7515
 4140
 -2203
 -7699
 -7177
 -835
 4703
 4727
 -3649
 -4709
 -259
 3730
 631
 4441
 -129
 3657
 4695
 -866
 -6701
 -266
 1018
 7384
 2495
 -5444
 2312
 7403
 2296
 -1671
 -2864
 6000
 2702
 4814
 -629
 -3425
 -7218
 -6602
 4776
 2491
 -1977
 -1521
 -1509
 6299
 926
 -1650
 7854
 -6324
 -2519
 881
 -7550
 1116
 -1933
 3411
 3692
 -247
 4610
 -5965
 755
 3344
 -1615
 -1186
 2780
 6570
 -6941
 356
 -7641
 -1236
 -4794
 4707
 2141
 1808
 2629
 3608
 -1165
 -24
 -2057
 -5440
 -4920
 -3018
 -1895
 -1753
 6424
 7558
 6408
 -1438
 929
 6859
 -1214
 6284
 -6507
 -410
 -2944
 -5355
 -7132
 5214
 547
 2614
 7195
 -6654
 684
 4237
 3509
 1208
 -577
 1666
 2181
 -432
 5025
 4221
 2662
 741
 6811
 1026
 7967
 -1315
 -4971
 1257
 2478
 2034
 -5590
 7315
 -4362
 5174
 1192
 -1925
 -7096
 2800
 1337
 -7438
 5810
 2860
 -2527
 -5811
 4552
 1375
 3712
 -7077
 5144
 5848
 6577
 5377
 -7128
 -573
 -2964
 3840
 6365
 -7757
 6672
 -2180
 1020
 -7145
 5256
 -4384
 -6902
 1915
 -7026
 170
 -4063
 6180
 5661
 -79
 5161
 2601
 532
 -5023
 -833
 -3946
 556
 2254
 3547
 -1344
 7360
 -860
 991
 7830
 1103
 -5243
 -7625
 5169
 -2311
 -4148
 -3773
 -3385
 6529
 -4786
 3714
 4018
 5435
 -5350
 7878
 -6533
 -836
 -1114
 -4240
 -2703
 -2972
 -3723
 1897
 -4225
 -7524
 42
 972
 -2249
 -1835
 -4832
 -2130
 -7881
 -3253
 3832
 2132
 837
 5488
 -5090
 -1590
 7278
 1079
 -5747
 876
 1843
 -1043
 7719
 -2379
 -3102
 1340
 -4372
 6815
 2059
 -7256
 7249
 -2142
 6319
 5568
 -4070
 -1677
 -2074
 617
 151
 -5933
 759
 3951
 -1306
 -6243
 6175
 7480
 6117
 -1140
 -5395
 -7591
 -5437
 -2774
 -6720
 5999
 -43
 4295
 180
 -1303
 2205
 6378
 3236
 -3098
 3243
 -3611
 2690
 -6273
 -3343
 7787
 -3775
 -3354
 2681
 -278
 4830
 5883
 -2033
 70
 -3220
 -5411
 4001
 47
 2997
 -5247
 1117
 7939
 3584
 2988
 1283
 2367
 -1640
 -446
 523
 1885
 5232
 4767
 1108
 -3100
 -6986
 537
 -5032
 -2475
 3226
 6312
 6317
 -7057
 -2807
 -4509
 -2575
 -3726
 5978
 -952
 5149
 -949
 4759
 -5237
 7850
 -7996
 -2431
 -3238
 2324
 753
 6195
 -5660
 3528
 328
 690
 -5689
 -7594
 1720
 3406
 5544
 -7388
 5196
 -7601
 -2013
 6028
 7455
 -485
 6396
 155
 -6247
 7833
 -5516
 6956
 4518
 4865
 6279
 2105
 -1473
 -605
 -5236
 -5386
 2157
 2887
 -4153
 4223
 3121
 -3953
 4970
 7000
 6183
 486
 111
 -3055
 -115
 -2728
 3239
 -710
 -1659
 -5913
 -1996
 -7264
 7572
 -767
 -4049
 -211
 2844
 6833
 3561
 -169
 -4303
 1172
 5055
 6729
 6923
 4249
 -1551
 -5790
 -3146
 -3508
 5938
 -4620
 -6945
 -3210
 2330
 -7255
 -4456
 1960
 -3999
 2665
 275
 4697
 1591
 -7595
 -87
 924
 7636
 7772
 659
 6849
 -3711
 -2449
 -4065
 -799
 1502
 6933
 6197
 -5377
 -4134
 2943
 -4091
 1523
 -1167
 -3904
 -1317
 -6862
 -2043
 -3770
 2197
 -4604
 5123
 5162
 -7205
 4620
 -6120
 -1724
 -659
 -4163
 -4902
 -325
 4742
 -330
 -5875
 6203
 -22
 4440
 -6935
 5401
 -220
 1352
 -1796
 7354
 4104
 5739
 -6867
 -7112
 -132
 -4644
 -1468
 1791
 -7877
 -7304
 -2655
 3642
 -6764
 -4366
 2692
 1297
 -571
 -6259
 7745
 -4504
 6550
 -1987
 -1010
 -6222
 -2321
 1397
 1445
 -7491
 -7219
 -1684
 745
 -2178
 -4152
 -1627
 -4238
 -965
 -2077
 526
 -2426
 5779
 1620
 -1050
 1846
 -3258
 3259
 2269
 -1005
 3769
 5828
 -2877
 3835
 7508
 3358
 -7499
 -2303
 227
 1776
 3287
 7818
 3934
 -2949
 -5286
 3603
 6845
 3716
 3423
 5551
 2677
 5374
